18 26 44 67 77 91 98 103 106 115 141 161 168 173 187 198
1 7 13 14 16 27 28 32 54 62 74 88 101 110 121 139 154 157 163 164 165 181 184
10 19 22 25 29 38 39 43 52 56 58 60 66 72 80 83 107 116 117 122 126 135 166 176 178 186 190
8 11 12 31 45 48 73 81 84 90 97 112 114 140 145 160 189 200
53 61 63 70 78 104 120 128 137 146 156 174 196 197
5 15 17 20 42 59 93 100 124 162 180 182 188 194
2 4 30 33 40 65 69 79 85 94 111 113 118 123 134 142 158 159 175 177 195
3 6 21 35 50 51 55 57 95 105 108 119 130 148 150 167 169 170 183 191 193 199
9 23 24 36 37 41 76 82 87 89 92 96 99 131 132 133 136 143 149 153 155 172 185
34 46 47 49 64 68 71 75 86 102 109 125 127 129 138 144 147 151 152 171 179 192
