106 103 168 26 67 186 141 187 161 173 44 98 115 91 18 77 76 198
32 164 1 154 74 57 139 101 165 163 62 157 181 16 54 178 36 110 27 28 7 184 166
107 116 135 72 39 146 29 58 122 52 38 197 158 176 66 83 80 25 56 43 19 22 142 117 159 126
200 84 145 8 48 140 45 112 90 114 73 119 97 31 81 11 189 12 160 121
70 61 100 137 53 156 132 196 104 120 118 63 78 128 88
15 182 188 17 5 93 162 180 194 42 20 124 59 60 14
190 30 111 133 123 79 65 85 40 177 195 153 175 4 174 69 94 33 2 134 113
108 105 148 6 55 130 35 95 3 50 51 193 21 169 199 191 183 10 150 170 167
172 37 136 99 24 89 96 87 185 92 155 143 149 82 23 41 9 13 131
34 109 102 144 179 49 47 68 71 171 152 138 46 64 125 86 147 127 75 151 129 192
