18 26 41 44 65 67 76 77 91 98 103 106 115 141 161 168 173 186 187 198
1 13 14 16 28 32 36 54 57 62 74 88 101 110 121 139 154 157 163 164 165 178
10 19 22 25 29 38 39 43 52 56 58 60 66 72 80 107 116 117 122 126 135 158 166 176 197
8 11 12 27 31 45 48 73 81 84 90 97 112 114 119 140 145 149 160 189 200
53 61 63 70 78 100 104 120 128 132 137 146 156 174 196
2 5 15 17 20 42 59 93 124 162 180 182 188 194
4 30 33 40 69 79 85 94 111 113 118 123 133 134 142 153 159 175 177 190 195
3 6 21 35 50 51 55 95 105 108 130 148 150 167 169 170 183 191 193 199
9 23 24 37 82 83 87 89 92 96 99 131 136 143 155 172 185
7 34 46 47 49 64 68 71 75 86 102 109 125 127 129 138 144 147 151 152 171 179 181 184 192
