18 26 44 67 76 77 91 98 103 106 115 141 161 168 173 186 187 198
1 7 16 27 28 32 36 54 57 62 74 101 110 139 154 157 163 164 165 166 178 181 184
19 22 25 29 38 39 43 52 56 58 66 72 80 83 107 116 117 122 126 135 142 146 158 159 176 197
8 11 12 31 45 48 73 81 84 90 97 112 114 119 121 140 145 160 189 200
53 61 63 70 78 88 100 104 118 120 128 132 137 156 196
5 14 15 17 20 42 59 60 93 124 162 180 182 188 194
2 4 30 33 40 65 69 79 85 94 111 113 123 133 134 153 174 175 177 190 195
3 6 10 21 35 50 51 55 95 105 108 130 148 150 167 169 170 183 191 193 199
9 13 23 24 37 41 82 87 89 92 96 99 131 136 143 149 155 172 185
34 46 47 49 64 68 71 75 86 102 109 125 127 129 138 144 147 151 152 171 179 192
