8 48 57 70 74 98 116 133 162
11 35 49 54 56 85 108 117 160 163 166
23 30 36 88 110 115 120 142 146 149 164 194
1 4 5 9 32 39 81 94 101 131
2 10 41 45 47 53 66 90 93 96 105 118 122 158 192 197
22 37 44 59 78 95 167 172 175 186
16 79 119 121 130 187 189 195
3 7 12 14 55 58 72 113 114 125 143 170 182
6 33 42 43 60 64 104 106 123 124 159 161 188
13 15 25 50 82 151 178 179 185 196
28 46 69 109 147 152 165
18 38 40 68 127 129
20 29 65 75 83 176 193
63 71 87 89 112 126 135 156 157 171 184 190 199
21 73 99 103 138 154 168 183
17 27 97 100 107 111 132 136 140 148 173
51 52 84 139 144 174 180 181
31 91 102 134 141
19 24 26 61 62 76 77 80 86 92 128 155 191
34 67 137 145 150 153 169 177 198 200
