8 48 57 70 74 98 116 133 143 159 162
11 35 47 49 54 56 85 94 104 108
23 30 36 88 110 115 120 130 142 146 149 160
1 4 5 9 19 32 39 81 101 131
2 10 41 44 45 53 66 78 90 93 96 105 118
22 37 59 95 167 172 175 181 186
16 79 119 121 187 189 192 194 195 196
3 7 12 14 55 58 68 72 97 113 114 125 170 182 188
6 21 33 42 43 60 64 106 122 123 124 135 179
13 15 25 50 82 151 178 185
28 46 69 109 138 147 152 163 165 174
18 38 40 127 129 150
20 29 63 65 75 83 176 193
71 87 89 112 126 156 157 166 171 184 190 197 199
73 99 103 148 154 168 183
17 27 100 107 111 132 136 140 173
51 52 139 144 180 191
31 91 102 128 134 141
24 26 61 62 76 77 80 84 86 92 117 155
34 67 137 145 153 158 161 164 169 177 198 200
