8 48 57 70 74 133
11 35 47 49 54 56 85 108 160 163 166
23 30 36 88 110 115 120 142 146 149 164 194
1 5 9 19 32 39 81 94 101 116 131
2 10 41 45 53 66 90 93 96 105 118 122 192 195
4 22 37 44 78 95 172 175 181 186
16 79 86 98 119 121 187 189
3 7 12 14 55 58 72 97 113 114 125 143 170 182
6 42 60 64 104 106 123 124 159 188 199
13 15 25 50 82 151 178 179 185 196
28 46 69 109 138 147 152 165 174
18 38 40 68 127 129 130
20 29 43 63 65 75 83 162 167 176 193
71 87 89 112 126 135 156 157 171 184 190 197
21 73 99 103 154 168 183
17 27 33 100 107 111 132 136 140 173
51 52 84 139 144 180
31 91 102 134 141
24 26 59 61 62 76 77 80 92 117 128 155 191
34 67 137 145 148 150 153 158 161 169 177 198 200
