8 48 57 70 74 98 133
11 35 49 54 56 85 108 163 166 190
23 30 36 88 110 115 120 142 146 149 164 194
1 5 9 19 32 39 81 94 101 116 131
10 41 45 47 53 66 78 90 93 96 105 118 122 192
4 22 37 44 95 167 172 175 181 186
16 79 119 121 130 187 189 195 196
3 7 12 14 55 58 72 113 114 125 143 170 182
6 33 42 60 64 104 106 123 159 161 179 188
13 25 50 82 151 155 178 185
28 46 69 109 138 147 152 165
18 38 40 68 77 127 129
20 29 43 65 75 83 162 176 193
63 71 87 89 112 126 135 156 157 171 184 197 199
21 73 99 103 154 168 183
15 17 27 97 100 107 111 132 136 173
2 51 52 139 140 144 174 180 191
31 59 91 102 128 134 141
24 26 61 62 76 80 84 86 92 117 124 160
34 67 137 145 148 150 153 158 169 177 198 200
