8 48 57 70 74 98 116 133 143 162
11 35 49 54 56 85 104 108 117 160 163
23 30 36 88 110 115 120 142 146 149 164 194
1 5 9 19 32 39 81 94 101 131
10 41 45 47 53 66 90 93 96 105 118 122 192 195
4 22 37 44 78 95 167 172 175 186
16 79 119 121 130 187 189 196
3 7 12 14 55 58 72 97 113 114 125 182
6 33 42 60 64 106 123 124 135 159 170 179 188
13 15 25 50 82 151 178 185
28 46 69 109 138 147 152 165
18 38 40 68 127 129 150
20 29 43 63 65 75 83 176 193
71 87 89 112 126 156 157 166 171 184 190 197 199
21 73 99 103 148 154 168 183
17 27 100 107 111 132 136 140 173
2 51 52 139 144 174 180 181
31 91 102 128 134 141
24 26 59 61 62 76 77 80 84 86 92 155 191
34 67 137 145 153 158 161 169 177 198 200
