8 48 57 70 74 98 133 143 159 162
11 35 49 54 56 85 104 108 117 163 166
23 30 88 115 120 142 146 149 164 165 173 194
1 5 9 19 32 39 81 94 101 116 131
10 41 45 47 53 66 90 93 96 105 118 122 158 192
4 22 37 44 78 95 172 175 186
16 79 119 121 187 189 195 196
7 12 14 55 58 68 72 113 114 125 182
6 42 60 64 106 123 124 161 170 188 199
13 15 50 82 151 178 179 185
28 46 69 109 138 147 152 174
18 38 40 110 127 129 130
20 29 36 43 63 65 83 167 176 193
3 71 87 89 112 126 135 156 157 171 184 190 197
21 73 99 103 148 154 168 183
17 27 33 97 100 107 111 132 136 140
2 51 52 139 144 180 181
25 31 59 91 102 128 134 141
24 26 61 62 76 77 80 84 86 92 155 160 191
34 67 75 137 145 150 153 169 177 198 200
