8 48 57 62 70 74 98 116 133 143 162
11 35 56 85 94 104 108 160 163 166
23 30 36 88 115 120 130 142 149 164 165 194
1 4 5 9 19 32 39 81 101 131
2 10 41 45 47 53 66 78 90 93 96 105 122 192 195
22 37 44 59 95 123 167 172 175 181 186
16 54 79 119 121 187 189 196
3 7 12 14 58 68 72 97 113 114 118 125 170 182
6 42 43 49 64 106 124 135 159 161 179 188 199
13 15 25 50 82 151 178 185
28 46 69 109 138 147 152 174
18 38 40 110 127 129 146 150
20 29 63 65 75 83 176 193
71 87 89 112 126 156 157 171 184 190 197
21 73 99 103 148 154 168 183
17 27 33 100 107 111 132 136 140 173
51 52 55 60 139 144 180
31 91 102 128 134 141
24 26 61 76 77 80 84 86 92 117 155 191
34 67 137 145 153 158 169 177 198 200
