8 48 57 70 74 98 116 133 162
11 35 49 54 85 104 108 160 163 190
23 30 36 88 110 115 120 142 146 149 164 194
1 5 9 19 32 39 81 94 101 143
2 10 41 45 47 53 90 93 96 105 118 122 158 192
4 22 37 44 78 95 167 172 175 186
16 79 86 119 121 130 187 189 195
3 7 12 14 55 56 58 68 72 97 113 114 125
6 33 42 60 64 106 123 124 135 159 170 188
13 15 25 50 82 151 178 179 185 196
28 46 69 109 138 147 152 165 174
18 38 40 127 129
20 29 43 65 83 176 193
63 71 87 112 126 156 157 166 171 184 197 199
21 73 99 103 154 168 183
17 27 100 107 111 131 132 136 140 148 173
51 52 139 144 180 181 182
31 59 89 91 102 128 134 141
24 26 61 62 66 76 77 80 84 92 117 155 191
34 67 75 137 145 150 153 161 169 177 198 200
