8 48 57 70 74 98 133
11 35 49 54 56 85 108 163 166 190
23 30 36 88 110 115 120 142 149 160 164 165 194
1 4 5 9 19 32 39 81 94 101 116 131 143
10 41 45 47 53 66 90 93 96 105 118 122 192 195
22 37 44 78 95 167 172 175 181 186
16 79 119 121 187 189 196
7 12 14 55 58 72 113 114 125 170 182
6 21 33 42 43 60 64 104 106 123 124 159 188
13 15 25 50 82 151 178 179 185
28 46 69 109 147 152 174
18 38 40 68 127 129 130 146
20 29 63 65 83 162 176 193
3 71 87 89 112 126 135 156 157 171 184 197 199
73 99 103 138 154 168 183
17 27 97 100 107 111 132 136 148 173
2 51 52 139 140 144 180 191
31 59 91 102 134 141
24 26 61 62 76 77 80 84 86 92 117 128 155
34 67 75 137 145 150 153 158 161 169 177 198 200
