57 98 116 162 8 133 70 74 62 48 143
160 35 85 104 166 108 94 11 163 56
23 115 130 165 30 120 164 36 149 142 88 194
39 9 32 1 5 19 131 4 81 101
41 192 2 10 90 105 66 96 45 195 122 53 93 78 47
59 95 37 172 22 186 175 44 167 123 181
196 121 187 119 79 189 54 16
182 3 125 114 14 113 72 12 68 170 97 7 58 118
135 106 64 179 199 159 42 49 161 188 43 6 124
178 151 50 15 13 82 25 185
46 138 28 174 152 109 69 147
127 18 40 38 129 110 146 150
20 176 193 29 83 75 63 65
89 197 157 171 71 87 156 112 126 184 190
103 154 148 73 183 168 99 21
111 107 100 27 132 140 136 17 33 173
144 51 139 180 60 52 55
141 134 31 128 91 102
92 24 61 117 86 77 80 155 76 191 84 26
177 34 137 153 198 169 158 145 200 67
