8 14 31 34 70 90 102 120 121 139 144 160 178
35 38 41 44 47 56 59 71 82 83 151 163 181 188 192
18 21 24 26 66 79 124 126 128 133 134 149 162 174 186 187
48 61 65 77 80 85 92 100 101 111 112 123 166 169 179 191 195 197
5 19 51 53 72 87 118 141 154 158 180 183 189 199
2 15 25 52 55 68 78 86 89 94 122 125 140 145 193
9 28 54 91 105 110 129 131 136 143 153 156 161 175
3 6 22 32 36 45 57 73 84 107 114 142 148 152 157 165 167 170 171 177
1 4 13 16 27 40 43 50 69 75 93 96 113 115 150 172
12 17 23 29 30 33 64 74 95 116 132 168 176 196 200
