8 13 31 32 34 70 90 101 107 120 144 158 160
6 22 35 40 41 44 47 56 59 71 83 87 151 163 188
18 21 24 66 72 79 124 126 128 133 134 149 162 174 186 187
5 26 43 45 48 61 65 77 85 92 100 111 112 118 123 157 169 191
9 17 19 51 75 105 110 139 154 181 183 189 197 199
2 12 14 15 25 27 55 78 86 89 94 125 145 167 193
28 52 54 91 129 131 136 140 156 161 165 175 180 195
3 36 38 57 73 80 84 102 114 122 142 143 148 152 153 166 170 171 177 178
1 4 16 50 53 69 82 93 96 113 115 121 150 172 179 192
23 29 30 33 64 68 74 95 116 132 141 168 176 196 200
