8 11 14 31 32 34 57 93 98 99 101 102 107 121 137 144 175 178
22 35 38 41 47 50 59 71 74 83 89 117 134 151 160 166
10 18 19 24 42 53 66 79 124 126 128 133 149 162 168 194 199
5 20 28 39 43 48 51 61 65 80 85 92 100 104 130 171 182 191 192 197
87 108 113 127 138 141 154 164 172 174 183 186 189 196
2 15 25 27 75 76 77 78 94 123 135 140 145 161 163 167 187
9 26 49 52 82 84 91 103 110 125 129 131 136 153 156 165 188
3 36 37 45 58 67 81 90 109 111 114 142 148 150 157 169 177 180
1 4 13 16 40 62 69 70 96 97 115 122 139 147 176 179 193
12 17 23 29 30 60 64 68 95 112 119 120 132 173 184 190 200
