8 11 13 14 31 32 34 98 102 107 120 121 137 139 175 178 191 193 198
6 7 38 40 41 44 47 56 59 73 83 87 112 117 134 151 181
18 21 24 53 66 72 76 88 126 128 133 144 148 156 160 168 173 199
5 39 43 45 48 51 58 61 65 77 80 85 104 106 113 124 164 179 188 192
19 118 127 138 141 145 154 158 180 183 185 189 197
2 25 27 55 86 89 94 108 122 135 140 159 163 174 194
26 28 49 52 54 84 91 103 105 110 125 129 143 153 161 165
16 36 37 46 57 67 78 81 90 130 142 146 152 157 162 167 171 177 195
1 4 50 62 69 70 75 93 96 97 115 119 136 147 149 172 182 186
12 17 23 29 33 60 64 68 74 95 116 131 132 176 184 187 190 196
