90 8 70 160 101 31 107 120 34 144 13 158 32
56 87 71 35 6 44 47 59 41 163 188 83 40 22 151
174 66 162 133 134 128 72 18 186 124 79 187 126 21 24 149
169 191 92 85 43 118 77 61 100 111 48 5 65 157 123 45 112 26
189 154 197 183 19 51 9 17 181 199 110 105 75 139
86 94 15 78 2 27 55 89 25 145 167 14 125 12 193
165 156 52 136 161 28 54 195 180 91 129 140 175 131
142 3 152 177 36 114 153 80 166 57 73 170 148 178 84 143 171 122 38 102
50 172 93 150 96 69 4 1 192 115 179 113 16 53 82 121
29 116 64 176 74 95 132 200 168 23 33 68 196 30 141
