11 13 14 30 32 55 70 75 84 88 93 98 120 139 158 169 178 193
7 27 38 40 41 44 47 56 59 71 83 87 109 110 117 181 191
10 19 21 24 79 119 124 126 128 133 134 144 162 173 182 186 199 200
5 28 35 39 45 61 65 80 101 111 118 130 131 164 175 188 192 195 197
20 51 95 105 108 113 127 138 154 172 183 189 198
2 25 34 48 77 78 89 94 116 122 132 135 137 140 143 145 163 167 190
6 9 18 26 31 49 54 58 62 85 91 96 129 153 159 161 165 170
3 15 22 36 46 57 67 81 90 114 142 148 151 152 168 171 180 187 194
1 8 50 76 82 97 99 106 115 123 125 136 147 149 150 179 185
12 23 29 33 60 63 64 66 68 72 74 102 104 141 184 196
