8 11 13 14 32 34 55 90 98 99 102 114 122 125 137 139 143 155 175 198
6 7 22 38 40 41 44 47 56 59 71 73 110 117 166 173 192
18 19 24 53 66 72 79 83 88 126 128 133 134 144 168 174 187
5 20 35 39 43 48 61 65 77 80 106 109 111 118 151 164 170 179 195 199 200
51 103 105 113 127 138 141 150 154 158 160 178 180 183 185 186 189 193
2 15 25 27 75 76 104 116 135 140 145 146 159 163 171 181 188 190
9 28 52 54 58 84 85 89 91 124 129 130 156
3 45 57 67 78 81 107 142 148 152 161 162 165 167 176 197
1 4 16 49 50 62 69 70 96 97 115 119 136 147 149 172 182 184 191
12 17 29 30 33 60 63 64 68 74 93 95 101 120 131 132
