8 11 14 31 34 90 98 102 107 120 121 137 143 144 155 160 175
6 7 22 35 38 40 41 44 47 56 71 73 83 87 109 178
10 18 21 24 42 79 88 103 119 124 126 128 133 148 156 168 173 174 181
5 20 39 48 51 58 61 65 80 85 92 106 111 112 118 151 157 164 179
19 108 113 127 138 141 154 172 183 186 189 195 196 198 199
15 25 27 78 86 89 94 122 135 145 158 159 167 190 194
9 26 28 54 82 84 91 105 110 129 130 140 153 161 165 185
3 36 45 46 57 67 81 114 142 146 150 152 162 163 170 171 176 177 188
1 4 16 49 50 62 69 76 93 96 97 99 115 136 147 149 166 182
12 17 23 29 30 33 60 63 64 68 74 95 116 184 187 200
