11 31 32 34 38 55 65 70 84 88 99 120 121 122 139 144 155 178 183 193
40 41 44 50 56 61 63 90 91 101 110 119 166 191 194
3 10 18 29 67 92 124 134 148 156 160 182 186 187 189 199
14 28 51 66 69 79 80 85 104 106 111 112 113 123 135 151 164 188 192
19 23 47 53 64 87 95 97 105 118 127 138 158 169 177 195
2 35 42 52 77 89 94 108 125 126 137 140 146 163 173
6 24 25 26 49 58 62 73 83 128 129 131 152 159 161 165 170 179
1 7 16 22 36 37 57 81 100 114 130 141 142 150 153 154 162 167 171 180
4 5 8 13 27 39 45 71 75 76 82 86 93 96 98 136 147 149 172
12 17 21 30 33 60 68 72 102 116 132 133 168 176 184 190 196 200
