8 11 14 31 34 55 90 98 101 102 107 120 121 137 139 144
6 7 22 38 41 44 47 56 59 71 73 83 109 117 134 151
10 18 19 21 24 42 53 63 66 72 79 88 103 124 128
35 39 43 48 58 61 65 77 80 85 92 100 104 111 123 130 155 157
4 5 20 37 51 87 97 99 115 118 127 138 141 154 158
2 15 25 78 86 89 94 108 122 125 126 135 140 145
9 26 28 49 52 54 82 84 91 105 110 129 143 153 156
1 3 16 32 36 45 46 57 67 81 114 133 142 146 148 149 150 152
13 27 40 50 62 69 70 75 76 93 96 106 113 136 147
12 17 23 29 30 33 60 64 68 74 95 112 116 119 131 132
