8 11 13 14 31 32 34 70 90 98 101 102 107 114 120 137
6 7 22 35 38 40 41 44 47 56 59 71 73 83 87 117
10 18 19 21 24 42 53 66 72 79 88 103 119 121 124
5 20 39 43 45 48 51 58 61 65 77 80 85 92 100 104 109 111
37 113 118 127 134 138 139 140 141 145 147 154 155 157 158
2 15 25 27 55 78 86 89 94 108 122 123 125 126
9 26 28 49 52 54 82 84 91 105 110 128 129 130 135
3 36 46 57 67 81 133 142 143 144 146 148 149 150 151 152 153 156
1 4 16 50 62 69 75 76 93 96 97 99 106 115 136
12 17 23 29 30 33 60 63 64 68 74 95 112 116 131 132
