8 11 14 31 34 93 94 98 99 102 120 121 122 134 137 139 155 158
6 22 35 38 41 44 47 56 59 73 83 117 160 163 168
10 18 21 24 42 53 66 72 79 88 103 144 156 173 174 182 199
5 20 28 45 48 51 61 65 77 80 85 92 100 104 106 111 123 130 151 185
19 87 95 108 113 127 141 172 177 180 183 189 192 197 198
2 25 27 52 74 86 89 112 126 145 149 159 167 178 190 193 194
9 26 54 82 84 91 105 110 125 129 140 153 165 170 175 195
3 36 37 46 57 81 90 114 133 142 146 148 152 162 166 169 171 187
1 4 16 40 49 62 69 70 75 76 96 97 115 128 136 150 179 186
12 17 23 29 30 33 60 63 64 68 71 116 132 143 176 184 196 200
