8 11 13 14 31 32 34 70 87 98 99 101 102 114 137 139 155 159 193
6 7 35 38 44 47 59 71 73 83 109 117 151 163 181 182 192
10 18 21 24 42 53 79 88 103 126 133 144 149 160 162 168 173 194
5 39 41 48 51 61 77 80 85 100 104 106 113 124 164 166 169 170 179 188 191
19 95 127 134 138 172 180 183 185 189 197 198 199
2 15 25 27 78 89 94 108 111 122 123 135 140 143 158
9 26 28 49 52 82 91 105 110 125 129 130 131 136 153 161
22 36 37 45 46 57 67 90 107 142 146 148 150 152 157 167 171 178
1 4 16 50 62 69 75 76 93 96 97 115 147 176 184 186
12 17 23 30 33 63 64 68 112 116 119 120 132 141 175 187 200
