13 14 30 32 55 57 65 79 88 90 94 98 101 107 137 139 160
2 6 11 12 27 38 40 45 47 50 71 74 84 100 111 117 127 151 168 200
16 18 19 21 23 46 64 72 121 162 174 181 186 187 189 194
35 41 58 77 81 104 112 113 118 131 155 164 166 169 171 182 191
5 17 20 29 37 51 97 105 172 177 183 185 195 196 197 198 199
24 34 42 48 61 75 86 108 116 126 132 134 135 143 146 158 159 167
9 26 44 49 62 66 82 83 85 91 103 110 125 129 140 152 156 170
1 3 7 15 67 70 78 80 92 114 120 133 148 154 157 161 165 178 180
4 25 39 43 54 69 76 87 93 96 99 106 115 136 138 149 150 179 184
10 22 28 33 60 68 95 102 109 119 141 145 173 175 176 190
