8 41 81 86 111 142 144 148 151 177 186
10 12 13 18 36 38 53 104
19 33 37 44 55 58 80 83 87 150
15 23 39 46 47 72 110 140 143
54 105 118 121 130 146 159
7 11 28 35 60 73 78 100 119 128 147 149
22 29 51 62 108 124 127 152 154 158 176 183
32 64 70 131 138 160 168 180 181 185
25 69 77 79 84 90 95 99
4 17 21 56 67 76 91 98 112 114 115
6 50 61 66 71 97 106 109
24 65 68 120 162 164 169 182 187 193
1 5 9 14 34 82 85 101 113 194
31 43 45 88 93 94 129 145 198
42 89 103 107 116 126 136 141 189
20 48 57 92 123 156 172 173 178 184
16 27 30 40 49 75 132 139 170 195
2 3 74 96 133 134 135 153 157 166
26 59 63 122 125 163 167 171 188
52 102 117 137 155 161 165 174 175 179
