8 41 81 111 142 143 144 148 177 179 180 186 199
12 13 18 53 67 104 156 172 195
2 19 33 37 44 55 77 80 107 134 150 181
6 15 23 47 72 140 157 184 189 192 193
54 105 115 118 121 130 152
7 11 28 35 46 60 73 100 119 128 158 170
22 29 51 62 93 108 113 124 127 154 176
32 49 64 70 83 131 145 147 151 165
69 84 90 95 99 101 116 126 167 191
4 17 20 56 98 112 114 183 194
27 50 58 66 97 106 169 175 188 200
10 24 65 68 71 110 162 164
1 5 14 82 85 117 149 182 185 198
31 34 45 86 88 94 129 146 159
9 21 36 42 79 89 103 136 139
48 57 76 78 92 123 141 173 190 197
16 25 30 40 75 132 155 160
3 38 61 74 96 133 135 138 153 166 178
26 43 59 63 122 125 163 168 171
39 52 87 91 102 109 120 137 161 174 187 196
