8 41 86 111 135 142 143 148 177 179 180 186
12 18 38 53 81 104 156 168 193 197
19 33 37 44 55 58 87 121 150 152 181 192
15 23 39 46 47 72 110 140 157 184 189
54 105 118 130 160 190
7 11 28 35 60 73 100 119 144 147 188
22 29 51 62 95 108 124 127 149 154 176
32 64 70 83 131 151 183 199
25 69 77 79 84 88 99 101 116 167
4 56 67 91 98 112 114 115 133 138 175
6 50 66 71 97 109 128 132 182
24 65 68 120 162 164
1 5 9 14 82 85 113 117 158 169 198
31 34 43 45 93 94 129 145 146 159
21 36 42 89 103 107 126 136 141
20 48 57 78 92 123 172 173 185 194
27 30 40 49 75 139 155 170 187 200
2 3 61 74 90 96 106 134 153 178 195
16 26 59 63 122 125 163 171 191
13 52 80 102 137 161 165 166 174 196
