8 19 41 81 86 111 136 140 177 178 179
12 13 18 53 104 126 147 156 172 195
2 33 37 44 55 58 80 121 134 150 152 181 185
15 23 46 47 72 87 110 149 188 189 193
54 105 115 118 160 190 197
7 11 28 35 60 73 100 119 163 180 194
22 29 51 62 93 108 124 127 148 154 165
32 64 70 83 131 138 151 168 183
25 69 77 84 90 95 99 101 116 167
4 17 21 40 56 67 76 91 98 114 133 157
6 50 109 128 132 169 171 175 176 184
10 24 65 68 143 162 164
1 5 9 14 34 82 113 117 142 158 186
31 43 45 88 94 129 145 146 159 198
36 42 79 89 107 130 141 200
20 48 57 85 92 97 123 173 199
27 30 49 75 106 139 155 170 187
3 38 61 71 74 78 96 112 135 153
16 26 59 63 103 122 125 144
39 52 102 120 137 161 166 174 191 196
