8 19 41 88 119 142 143 148 177 179 186
12 13 67 73 81 126 168 180 195
2 37 44 53 55 58 79 107 134 181 185 197
15 23 39 46 47 72 110 184 188 189 193
54 105 115 118 130 152 160
7 11 28 35 60 85 100 144 199
22 51 61 62 93 114 124 149 154 165 183
32 64 70 83 102 131 147 151 194 196
25 49 77 84 90 95 99 101 116 167
4 17 56 76 91 98 121 138 157 192
6 66 71 97 104 111 117 128 132 169 171 175
10 24 29 38 65 68 164
1 5 9 14 82 108 113 140 158 182
31 34 45 86 94 129 145 146 159 176
21 36 42 89 103 112 136 141 200
20 48 57 69 78 92 123 127 172 173 190
16 27 30 33 40 75 139 156 162 170 187
3 74 96 106 133 135 150 153 166 178 198
26 43 59 63 109 122 125 163 191
18 50 52 80 120 137 155 161 174
