8 41 81 86 111 135 142 143 144 148 151
10 12 18 38 53 67 104 156 168
19 33 37 44 55 58 80 83 107 146 150
15 23 39 46 47 72 110 157 178 193 195
54 85 105 118 130 160 177
7 11 28 35 60 73 78 100 119 147 149 181
22 29 51 62 108 124 152 154 165 176
32 49 64 70 131 138 145 194 199
25 69 77 84 88 90 99 159 191
4 17 21 56 76 91 98 112 114 115 192
6 50 66 97 109 117 128 132 169 171
24 65 68 120 164 180 182 188
1 5 9 14 34 82 101 140 185 186 198
31 43 45 93 94 96 113 129
36 42 79 89 103 126 136 158 183 189
20 48 57 92 123 141 172 173 184 190 197
16 27 30 40 75 139 162 170 187 200
2 3 61 71 74 106 133 134 153 166
26 59 63 116 121 122 163 167 175
13 52 87 102 125 137 155 161 174 196
