8 19 111 142 143 144 179 180
7 12 13 18 31 73 104 156 168 187
44 53 55 58 83 87 99 129 152 181
15 39 46 47 140 178 184 189 192 193
54 85 105 118 130 160 177
11 28 60 78 100 119 138 158 188
29 51 62 108 114 124 127 148 154 165
22 30 32 64 72 81 95 131 147 151
34 69 77 79 84 90 101 116 126 167
4 17 40 56 76 112 115 121 133 157
6 61 66 97 117 128 132 175 176 183
10 38 65 68 71 107 110 120 162 194
1 5 9 14 82 113 146 170 182 185 186 198
43 45 88 93 94 153 159
24 36 42 89 103 136 149 164 200
20 41 48 57 86 92 123 150 172 173 197 199
27 33 49 98 106 139 155
3 35 74 96 134 135 166 195
16 21 26 59 63 122 125 163 171
50 52 80 91 102 109 137 161 174 191 196
