8 41 81 88 135 140 143 144 148 179 186
10 12 13 18 38 53 104 193
33 37 44 55 58 80 121 129 134 152 181 195
15 23 39 46 47 72 87 110 159 189
54 105 118 160 177 197
7 11 28 35 60 73 78 100 119 147 149 194
22 29 51 62 95 108 124 127 154 158 176 183
32 64 70 83 131 138 151 168
25 69 77 84 99 101 116 126 130 167
4 21 56 67 76 98 114 115 133 157 165
6 50 66 71 97 111 128 169 185 192
24 65 68 162 180 182 188
1 5 9 14 34 82 85 113 142
31 43 93 94 145 146 153 198
36 42 79 89 103 107 136 173
20 48 57 92 123 141 156 172 184 190 199
27 40 49 75 132 139 155 170 187
2 3 61 74 90 96 106 112 150 166 178
16 26 59 63 122 163 171 175 191 200
52 91 102 109 117 120 125 137 161 174 196
