144 86 151 180 19 179 148 135
38 156 13 126 104 187 53 31 12 168
150 129 87 44 101 83 152 99 181 55
157 193 192 47 184 46 39 178 140 110
160 177 105 118 54 130 85
138 78 60 119 28 158 188 7 11
22 51 108 154 165 124 29 8 62 114
32 64 147 72 106 131 143 81 111 127
84 116 77 167 69 90 79 95 100 34
115 4 112 21 194 121 56 76 98 40
66 6 176 175 183 117 132 61 97 128
120 68 24 71 10 15 65 17 142 107
5 1 198 82 182 14 113 170 146 185 9 186
45 159 88 153 43 94 93
42 149 136 89 200 103 164 36 73
197 48 92 173 123 172 20 199 74 139 57 41
162 49 155 30 16 33 27
96 3 166 195 35 133 58 134
125 26 63 163 80 122 171 59 189
137 196 161 52 102 174 91 109 50 191 18
