8 41 86 140 142 148 151 177 179 180 186
10 12 13 18 36 53 60 81 156 168
19 37 44 55 58 87 107 150 173 197
15 23 46 47 72 110 143 157 184 189 191
54 105 115 118 137 152 160 193
7 28 35 73 85 119 147 158 163 188
22 29 51 62 108 124 127 149 154 195
32 49 64 70 83 95 131 138 145
25 69 77 84 90 99 101 125 167 185 192
4 11 17 21 56 67 91 114 121 133 183
6 50 97 104 109 111 128 129 175 181
24 65 68 100 120 162 164 169 194
1 5 9 14 34 66 82 96 113 182
31 45 88 93 146 155 159 176 198
42 79 89 116 126 136 141 200
20 48 57 76 78 92 123 130 172 190 199
16 27 30 33 40 75 132 139 165 170 187
2 3 38 61 71 106 112 134 135 153 178
26 43 59 63 94 103 122 144 171
39 52 80 98 102 117 161 166 174 196
