8 41 111 135 137 140 142 148 177 179 186 187
10 12 18 36 38 53 60 81 168 195
14 19 37 44 55 107 129 134 143 150
6 15 23 39 47 87 159 184 189 192
54 105 118 152 160 161 162 188
7 11 28 35 73 100 119 147 149 151 180 181 194
22 29 51 62 95 108 124 127 154 163
32 49 64 70 72 83 113 131 199
25 69 77 84 88 90 116 122 130
4 17 21 56 67 91 98 112 114 115 138
50 58 66 97 121 128 156 166 175 176
24 65 68 71 110 120 145 164 182
1 5 9 82 85 117 146 158 169 185 198
31 34 43 45 76 86 93 94
42 89 99 103 126 136 141 183
20 48 57 78 92 123 125 132 172 173 190 197
27 30 33 40 75 139 155 157 167 200
2 3 61 74 101 106 109 133 153 178
16 26 59 63 104 144 170 171
13 46 52 80 102 165 174 191 196
