8 41 81 111 137 148 177 179 180 186 194
12 18 36 53 60 104 119 156 168 195
19 37 44 55 79 101 129 134 150 152 197
6 15 23 39 47 72 100 140 143 178 189
54 105 115 118 121 155 160
7 11 28 35 46 73 85 158 170 193
22 29 51 62 93 95 108 124 127 154 163
32 64 70 83 131 147 151 196
25 69 77 84 99 116 130 135 167 191 192
4 17 21 56 67 112 114 138 175 181 183
58 66 97 109 117 128 132 171 184 188 200
10 24 65 68 71 110 120 164
5 9 14 34 82 113 142 146 169 182 185
31 45 86 88 94 145 159 176 198
42 89 103 107 126 136 139 141 149
20 48 57 76 78 92 123 172 173 199
27 30 33 40 49 75 106 162 187
2 3 38 61 74 90 96 133 153 157
16 26 43 59 63 122 144 165 190
13 50 52 80 87 91 98 125 161 166 174
