19 86 135 144 148 151 179 180
12 13 31 38 53 104 126 156 168 187
44 55 83 87 99 101 129 150 152 181
39 46 47 110 140 157 178 184 192 193
54 85 105 118 130 160 177
7 11 28 60 78 119 138 158 188
8 22 29 51 62 108 114 124 154 165
32 64 72 81 106 111 127 131 143 147
34 69 77 79 84 90 95 100 116 167
4 21 40 56 76 98 112 115 121 194
6 61 66 97 117 128 132 175 176 183
10 15 17 24 65 68 71 107 120 142
1 5 9 14 82 113 146 170 182 185 186 198
43 45 88 93 94 153 159
36 42 73 89 103 136 149 164 200
20 41 48 57 74 92 123 139 172 173 197 199
16 27 30 33 49 155 162
3 35 58 96 133 134 166 195
26 59 63 80 122 125 163 171 189
18 50 52 91 102 109 137 161 174 191 196
