8 41 86 111 142 143 144 148 177 180 186
13 18 38 53 81 104 156 195
5 19 37 44 55 58 80 87 150 181
15 47 72 110 140 157 184 189 193
7 23 54 105 118 130 160
11 28 35 60 61 73 100 119 138 147 149 194
12 51 62 84 93 108 124 127 152 154 165 183
22 30 32 64 70 83 95 131 151 168
25 69 77 79 90 99 101 167
17 21 56 67 76 91 98 112 114 115 121
6 66 71 109 128 132 175 188
10 24 29 65 68 107 120 162 169 182
1 9 14 82 85 113 146 158 185 198
31 43 45 88 94 129 145 159 176
42 89 103 116 126 136 141 164 179
20 36 48 57 78 92 97 123 172 173
27 33 34 40 49 75 106 139 170 187
2 3 74 96 133 134 135 153 166 178
4 16 26 59 63 122 125 163 171
39 46 50 52 102 117 137 155 161 174
