4 16 53 70 74 75 76 81 93 99 107 114 134 138 141 171 177 181 190 192
10 11 31 54 105 132 143 147 152 159 167 175 178 198
19 41 52 64 73 89 98 102 131 136 137 148 168 173
7 17 20 21 28 40 50 66 69 101 118 133 144 191 195
6 13 26 27 30 35 46 49 51 71 87 94 111 123 161 197
3 5 37 79 82 85 86 127 130 155 156 158 169 188 189
2 8 47 62 65 77 100 117 121 126 154 166 172 185 196
1 22 42 48 55 59 68 88 91 92 95 108 139 163 180 184 194 199
14 33 58 80 84 97 112 128 151 170 176
9 23 32 39 60 72 90 96 110 115 116 119 135 142 160 183
