19 37 63 76 90 91 107 187 200
10 23 29 30 36 43 51 54 88 111 121 140 142 145 149 157 164 168
8 12 38 48 53 81 92 95 98 102 106 109 129 153 191
4 11 15 42 46 65 68 71 86 135 156 159 162 180 181 195 197
7 13 26 40 41 58 74 77 78 94 99 117 118 128 130 132 138 148 155 158 161 178 185
2 35 73 79 87 93 119 134 137 141 144 163 167 170 173 184 189
45 59 80 96 101 105 112 122 136 150 154 174 183 193
1 9 24 25 39 67 82 114 120 126 169 177 190 199
21 22 28 52 55 60 84 85 100 104 113 116 124 133 139 172 175 176 196
14 18 47 56 89 97 127 131 146 147 160 182
