1 7 72 78 85 93 96 118 132 136 144 148 152 180 181 184
23 37 40 50 54 61 62 73 83 121 134 149 160 169 170 176 185 198 199
5 6 27 39 45 56 64 81 82 84 92 104 113 114 126 146 147 150 174 183 187 192 196
12 16 30 36 41 47 48 60 65 68 69 71 90 97 102 106 108 109 111 119 122 153 154 157 167 193
10 51 77 105 107 125 128 135 145 158 159 161 175 182
3 33 35 53 70 75 94 95 98 100 115 116 129 178
8 32 59 66 101 103 137 139 165 166 168
2 46 49 58 63 76 89 120 140 142 155 164 189
13 14 19 43 55 127 131 151 162 179 188 195 197
11 52 57 80 88 99 110 143 172 173 190 191
