69 114 158 159 186 189 194 240 263 306 307 348 356 379
16 22 89 104 109 138 143 260 288 291 313 330 373 377 380 381 398
19 44 58 100 173 205 215 230 258 259 316 371 382 387
20 60 72 80 85 120 141 193 228 231 239 247 253 264 278 285 341
34 43 52 57 67 73 79 83 95 110 123 130 134 219 235 262 269 280 336 344 368 392
7 30 35 38 42 45 124 146 157 183 191 197 204 212 218 222 226 234 241 244 274 275 295 298 303 314 322 333 335 347 349 376
3 47 51 65 98 117 127 129 137 184 213 232 305 327 332 372
5 27 40 46 108 133 188 207 245 272 293 301 352 353 385 388 389 391
9 17 70 102 144 148 200 225 229 238 248 267 282 296 309 326 345 363
14 15 50 53 76 99 131 132 149 164 199 221 292 299 308 325 358
