280 263 281 150 173 189 120
274 209 89 210 298 202 107 59 277 313 72 326
63 256 306 286 113 371 56 73 362 383 19 164
356 194 121 318 218 314 231 288 103 154 249 316 200
289 396 354 285 311 264 307 369 26 388 86 176 43
159 180 126 352 146 87 222 211 90 71 66 100 23 187 377 49 17 373 225
271 335 94 265 213 127 91 282 240 98 266 399 341 114
125 386 375 395 163 118 320 236 394 158 321 8 182 345 13
35 287 255 6 57 119 237 245 220 96 223 41 53
199 292 201 380 348 219 347 15 192 93 260 132 355 334 378 379
