5 16 18 25 27 78 85 86 91 108 114 117 153 176 183 190 210 212 221 224 265 288 294 302 311 315 323 336 339 345 350 357 370 375 388
2 15 29 65 74 79 80 107 109 110 123 132 164 167 196 218 223 237 243 263 268 275 304 313 329 331 361 387 394
9 17 37 56 62 69 84 90 95 97 101 105 122 125 126 140 174 175 195 211 220 246 255 266 278 281 287 297 298 319 346 352 362 365 378 379 380 397
22 66 83 112 116 124 135 138 139 150 155 156 187 226 231 247 290 293 316 389 390
8 33 45 48 51 64 118 119 130 146 147 199 230 236 258 262 271 272 282 286 291 292 310 332 353 363 364 367 371 382 385 396
28 55 57 71 72 115 128 129 134 160 161 202 208 214 233 234 253 259 270 273 283 295 300 317 354 358 392 395
7 10 41 53 82 94 106 120 137 145 151 165 222 229 240 242 248 251 285 305 334 335 369
11 46 60 99 133 141 169 172 182 189 197 215 216 238 299 327 391 398
35 47 75 89 96 103 136 144 148 178 181 184 206 228 232 241 245 269 312 333 340 342 347
19 20 30 34 59 61 63 100 102 121 127 131 149 152 154 158 194 217 250 276 277 307 320 348 355 359 372 376 383 400
