63 96 201 213 240 249 263 277 289 314 318 337 386
14 36 76 107 129 138 139 197 209 272 274 298 391 398
1 67 134 149 154 193 207 215 226 259 316 319 324 329 349
43 48 73 78 82 102 157 175 199 218 233 250 253 257 261 262 285 315 340 357 360 384
5 28 34 81 122 126 158 160 184 191 283 292 301 354 376
3 16 62 86 109 111 128 144 152 204 212 214 222 225 235 268 275 290 342 343
6 18 19 22 26 32 35 37 55 68 71 97 115 136 162 170 178 210 221 230 241 270 294 300 307 308 313 317 328 331 334 350 359 375 394
8 85 104 166 167 183 200 208 238 320 358 367 377 383 388 395
9 11 12 54 74 75 119 148 153 165 168 229 234 237 243 281 284 293 323 325 363 378
10 25 53 88 95 100 103 131 196 217 244 246 288 338 347 348 380 387
