11 81 98 104 114 119 127 154 194 201 208 222 255 266 313 353 358 379 380 395 398
13 15 22 34 94 120 129 144 149 227 242 271 287 298 308 330 333 344 372 374 397
9 20 49 69 88 89 124 138 156 166 188 203 205 206 214 216 218 221 248 290 300 314 315 318 322 352 359 365 399
2 5 46 68 83 100 107 108 112 140 141 157 170 181 217 233 237 238 253 257 280 283 323 339 341 345 356 368 377
18 25 77 86 111 117 135 150 152 159 165 171 179 189 190 197 209 220 226 228 263 278 296 303 312 355 378
21 28 31 38 40 57 64 65 70 116 118 134 146 155 160 173 174 187 213 215 230 259 270 272 279 288 292 335 351 357 369 400
35 36 37 43 47 58 66 72 85 87 92 106 123 162 176 210 231 246 291 319 328 337 392 396
14 17 27 45 55 56 63 74 75 90 121 130 143 151 204 229 240 243 267 277 282 286 311 316 321 363 367 385
12 52 54 91 103 113 137 142 148 169 195 199 200 207 223 232 241 249 251 256 260 273 274 285 309 327 331 360 366 376 390 393
10 32 33 44 50 51 97 101 105 109 167 175 250 295 304 320 324 329 347 350 362 364 382 387 391
