75 101 127 158 213 236 256 265 274 281 311 312 315 318 378 400
36 59 63 89 104 138 198 209 232 243 254 260 322 327 387 398
7 21 65 99 114 128 133 149 165 215 259 303 304 306 358 371 382
35 43 45 61 70 115 196 206 231 241 277 280 288 290 329 341 360 373 379 389
3 28 53 54 67 103 107 188 191 212 216 235 246 257 264 275 282 313 342 368 391 393
56 77 87 94 126 164 222 283 286 295 317 336 337 340 352 365 374
1 23 47 64 69 81 106 117 148 180 187 202 242 263 266 276 284 332 335 362
4 5 9 14 27 40 46 55 130 166 168 200 204 244 258 326 346 353
2 24 34 50 58 62 71 102 116 147 151 159 173 225 255 287 300 328 367 395 396
10 15 76 84 100 132 162 171 176 179 194 272 293 308 325 334 361 380
