35 41 42 56 57 70 100 103 115 171 183 201 222 237 294 315 318 355 356 379
24 44 64 89 104 107 127 146 151 204 228 232 242 272 298 343 367
23 59 85 109 110 132 133 134 135 148 207 223 230 311 324 339 371 383 385 389
10 21 28 37 40 55 60 68 101 119 122 154 156 172 194 225 245 250 266 274 293 299 313 330 337 390 393 400
8 16 26 34 67 79 167 184 212 220 226 231 246 259 264 285 289 350 384 387
27 43 50 65 66 83 91 112 157 159 164 177 211 257 273 290 325 329 351 352 357 366 374
2 6 7 80 81 90 111 131 137 203 210 251 253 276 291 321 332 398
5 48 58 94 130 145 152 160 161 173 188 200 217 238 283 327 331 334 361 369 378 391 397 399
9 38 49 87 139 144 147 150 169 221 255 262 265 275 277 309 317
14 18 30 39 47 126 142 143 175 178 182 186 261 267 270 300 312 319 320 323 340 358
