20 41 43 56 94 122 180 199 223 270 286 298 299 347 371 386 394 400
9 16 31 53 67 69 104 107 110 127 130 141 154 155 178 185 195 196 198 201 219 234 242 246 260 263 329 340 359
60 65 75 82 88 90 114 119 121 132 192 208 212 245 247 279 300 307 341 349 398
11 46 54 68 72 115 206 227 231 288 289 334 343 379 393
15 103 106 128 151 160 184 191 205 222 224 230 262 274 276 281 303 311 313 321 325 332 365 384
5 30 45 93 96 117 131 177 194 207 215 226 235 251 273 275 277 317 320 326 333 342 344 355 362 369 372 374 376 381 382
24 39 85 91 98 124 175 187 210 229 248 265 266 302 309 335 350 399
8 14 18 23 33 49 52 77 87 125 142 158 161 166 168 188 239 254 328 391
1 37 58 61 76 92 150 156 171 172 183 221 225 269 282 357 364 367
7 10 21 63 74 95 97 99 108 109 148 149 170 186 217 250 267 290 294 358 361 380
