7 43 71 86 100 118 150 164 176 181 200 201 223 225 264 265 320 338 345 369 383
11 31 50 52 62 122 136 138 143 145 149 158 162 241 251 299 324 359 362 372 374 377 380
5 41 47 49 60 82 110 123 248 255 258 259 283 306 340 358 360 371 389
12 24 40 55 57 81 93 101 104 141 147 157 159 168 170 187 190 194 195 204 212 214 242 245 250 266 274 287 291 293 297 315 322 339 347 387
26 33 45 99 111 112 124 151 188 215 216 226 262 317 325 333 355 365 388
94 117 154 174 196 203 211 218 268 288 300 307 313 314 323 327 336 366 382
29 51 65 75 79 120 140 166 193 208 240 253 267 286 301 302 309 310 335 379
22 23 58 73 102 108 121 130 139 160 163 178 179 197 238 278 303 305 352 361 367 373 375 384 394
8 16 37 38 144 148 155 172 275 279 282 292 308 364 386
2 15 32 39 53 59 68 91 103 107 131 175 177 227 331 332 334 351 370
