120 150 173 189 263 280 281
59 72 89 107 209 210 274 277 298 313 326 373
19 56 63 73 113 164 256 286 306 362 371 383
103 121 154 194 200 218 231 249 288 314 316 318 356
26 43 86 176 264 285 289 307 311 354 369 388 396
17 23 49 66 71 87 90 100 126 146 159 180 187 202 211 222 225 352 377
91 94 98 114 127 213 240 265 266 271 282 335 341 399
8 13 118 125 158 163 182 236 320 321 345 375 386 394 395
6 35 41 53 57 96 119 220 223 237 245 255 287
15 93 132 192 199 201 219 260 292 334 347 348 355 378 379 380
