2 10 12 33 49 57 84 85 110 119 122 155 159 194 200 204 223 232 239 247 277 278 285 316 317 329 345 355 361 365 373 382
25 48 54 63 73 78 79 82 131 136 137 140 167 171 187 189 192 196 198 206 220 227 235 245 246 251 257 276 297 306 307 332 346 347 367 379 384 390
13 14 15 20 31 35 39 43 53 80 83 102 109 133 135 172 173 180 197 222 225 253 255 259 261 279 290 292 294 299 300 309 321 330 334 350 354 371 374
47 61 75 89 127 138 139 166 191 212 216 218 233 240 242 265 288 302 303 308 313 314 322 338 353 375
7 11 27 42 44 62 93 104 118 132 145 149 161 162 170 176 188 219 226 231 243 268 269 270 282 296 298 311 356 381 386 391 399
40 71 90 94 101 105 120 123 128 158 160 164 174 179 195 201 215 241 272 291 293 304 335 336 339 341
3 4 6 29 64 96 98 108 113 130 177 193 208 310 340 344 349 351
5 8 34 36 45 52 58 65 86 112 114 129 157 229 234 236 250 273 319 368 377 388
9 16 50 55 70 77 81 92 111 150 163 181 199 230 262 283 287 301 357 364 366 383 396
18 19 28 51 59 91 97 106 107 142 144 184 214 221 244 258 260 363 378 397
