69 91 107 121 125 236 275 277 286 292 306 326 386 444 473 478 510 576 632 698 716 733 900
2 13 52 54 82 136 200 211 227 233 327 346 351 352 416 492 503 553 554 578 640 675 737 764 830
7 174 176 212 230 250 264 268 283 289 290 323 336 368 372 401 501 603 607 630 669 689 692 727 735 786 855 862 880
197 240 243 251 341 390 412 430 470 476 480 562 593 619 684 705 725 753 775 782 825 832 883
18 39 144 164 167 210 221 271 280 285 287 395 404 446 465 471 495 523 540 569 596 664 673 681 828 840 851 856 869
77 86 97 115 126 198 255 312 328 333 370 402 449 459 467 474 487 522 559 581 585 589 611 629 679 708 806 809 821 841 870
6 9 53 56 95 99 122 127 134 138 178 185 205 270 304 329 331 362 375 385 396 410 620 636 652 658 662 691 709 717 719 732 789 805 816 817 858 868
12 46 87 120 146 159 162 207 216 257 294 325 330 335 387 423 524 535 621 660 677 714 718 774 813 857 864 866 891
25 72 79 89 114 118 128 143 175 184 188 245 249 293 302 318 332 354 355 406 427 447 505 517 525 563 612 638 649 665 711 833 885 888
28 57 81 83 85 88 101 106 130 183 253 260 284 360 377 466 486 491 526 528 570 600 616 631 635 654 655 657 695 791 847
24 32 42 90 100 140 152 165 252 295 311 317 356 367 398 399 431 451 454 472 506 531 543 606 624 647 702 736 738 752 784 797 839 867 889 892 893 899
1 4 137 166 196 247 300 384 453 479 548 549 555 566 583 610 637 671 685 712 720 780 823 829 835 849 887
26 67 110 156 157 177 182 235 241 259 279 324 389 428 448 456 490 494 546 580 617 653 680 746 768 772 777 783 820 824 850 897
34 40 43 62 94 113 209 222 226 254 261 262 282 303 310 334 344 348 359 365 374 382 460 462 484 508 512 537 567 568 579 591 604 644 670 728 759 762 804 834 854 863
21 73 80 96 123 148 172 231 267 269 281 316 343 361 388 397 422 435 439 515 532 547 561 564 605 683 696 704 706 726 743 756 771 838 875
