8 43 59 132 147 180 194 210 220 293 341 458 516 521 538 569 580 619 700 783 837 844 860 861 868 874 888
17 42 104 138 190 204 249 250 298 312 332 383 415 421 425 426 447 453 518 547 561 593 595 661 677 681 707 750 859
6 69 144 151 154 176 196 256 259 264 278 289 441 500 515 541 570 579 630 674 682 763 776 785 834 867
9 14 82 115 119 143 173 177 189 224 225 240 248 260 270 279 284 297 300 303 376 390 392 440 445 449 495 530 556 572 589 606 608 611 614 625 635 654 686 691 738 743 749 769 810 842 881
30 38 73 78 97 203 219 361 411 444 484 542 627 651 673 706 781 794 814 828 841 891
5 46 81 88 157 183 226 268 323 402 413 417 450 478 490 502 566 586 587 632 662 771 800 804 892
61 79 87 146 149 179 202 229 244 269 375 378 386 396 400 461 479 496 503 557 592 617 690 704 731 748 751 787 818 821 822 852 889
2 45 65 118 124 281 307 308 314 353 366 371 382 456 483 489 491 492 536 539 543 544 551 558 658 669 676 692 699 712 755 760 790 871 873
54 58 67 70 84 90 103 114 120 163 170 172 206 209 217 235 326 354 359 391 437 442 493 510 554 573 583 584 638 648 659 675 697 708 784 797 833 838 845 870
33 55 77 141 201 223 255 267 334 363 406 407 410 424 429 438 452 472 486 499 501 506 514 624 645 710 716 717 770 865 876 879 882
29 35 41 44 51 64 155 169 184 191 286 339 358 379 405 423 427 471 476 509 588 620 705 714 759 811 885 895 899
20 48 102 130 150 198 231 272 275 309 328 335 337 342 343 349 431 457 477 508 585 604 631 688 715 739 744 796 829 832 890
26 68 137 243 273 291 304 352 384 387 443 494 498 576 596 640 652 666 684 694 709 761 762 792 793 806 824 862 897 900
23 34 66 75 99 106 311 344 408 432 459 524 528 531 552 567 643 647 667 678 701 729 742 788 808 839 857 858 866
4 11 25 92 108 262 265 302 327 338 347 374 430 468 475 480 497 602 626 653 685 713 779 782 819 846
