63 263 280 281 590 640 674 849 873
49 73 153 271 298 320 388 395 467 578 641 657 672 713 745 773 795 870
53 89 154 231 265 277 311 347 352 380 434 463 691 718
6 35 87 90 127 218 240 289 354 401 446 489 507 529 562 614 822
93 103 163 210 219 348 394 411 438 458 537 564 569 604 673 686 698 716 731 867
19 202 209 222 306 316 334 459 461 627 638 737 774 791 823 827 834 852 857 895
91 180 256 326 375 378 444 539 632 642 677 700 730 749 798 821 856 865
13 164 189 194 208 213 236 245 314 318 386 418 429 521 567 573 576 649 652 660 684 777
94 125 158 182 192 225 266 285 287 321 355 413 508 643 687 688 787 801 844 882
96 100 113 121 200 264 292 362 422 424 553 558 644 695 705 766 863 887 893 900
41 66 71 176 187 211 237 260 282 286 307 313 373 396 399 476 538 544 545 546 621 733 738 806 860 888 892
56 59 98 255 274 288 335 356 371 383 426 497 551 598 610 619 637 803 874
26 107 199 220 223 341 369 379 414 421 436 464 609 654 724 792 826 872
8 72 86 119 132 146 249 275 345 408 493 522 543 634 646 768 837 890 898
15 57 118 126 150 159 173 201 377 439 495 602 818 829 832 868
