56 87 126 134 171 221 288 375 378 400 401 426 459 467 507 543 573 584 599 610 652 654 781 787 798 809 837 853 860
5 13 37 81 82 92 93 105 131 159 162 198 332 402 432 456 489 503 589 635 707 745 806
26 62 75 83 103 111 135 164 190 231 287 295 311 354 409 412 471 577 582 621 627 630 647 649 726 771 848 859 872 873
19 123 136 149 245 258 268 298 319 350 390 420 466 496 509 511 515 521 548 557 588 619 680 701 747 755 764 783 825 832
15 68 104 143 210 219 337 359 397 404 411 419 429 457 527 612 645 660 673 750 819 823 867 884
12 84 108 122 156 216 222 228 233 252 276 325 362 430 454 500 524 534 540 552 576 593 595 597 598 618 721 739 792 820 833 843 864
10 46 61 79 157 178 187 251 431 450 514 525 578 642 662 675 722 743 749 794 839 842
16 169 181 202 246 254 267 340 376 422 479 480 594 609 698 756 758 777 785 804 826 857 866
17 102 177 188 241 257 299 318 351 363 371 405 415 425 469 512 663 676 690 695 705 717 774 834
3 95 141 205 264 312 329 374 433 468 499 532 585 611 664 712 740 772 776 784 786 858 891
21 27 60 65 90 121 191 238 243 284 294 303 339 365 464 508 538 620 653 738 879 894
7 71 109 110 166 179 180 226 263 296 445 494 551 565 583 715 732 741 751 767 812 814 869 880 897
36 41 55 86 137 145 147 153 223 224 225 369 392 428 440 485 506 522 556 571 628 669 769 793 827 831 846 855 889
42 58 67 142 148 182 186 297 315 344 346 416 447 451 462 493 498 566 569 644 700 718 723 770 808 875
45 85 118 165 173 195 207 270 274 291 323 381 435 453 685 734 815 868 892 896
