20 130 183 210 211 245 270 300 311 313 314 355 367 424 454 476 492 609 613 614 642 705 753 774 777 806 821 837 856 857 880
21 34 92 112 116 121 205 234 271 296 336 348 350 425 463 474 489 512 526 583 593 603 643 665 673 681 698
32 35 40 51 100 103 110 118 119 127 133 139 143 155 160 170 198 217 224 249 323 372 390 403 441 451 514 570 571 572 596 660 694 707 715 744 748 808 809 815 869 881
10 28 42 53 99 111 148 165 196 197 215 219 282 341 352 382 393 410 420 495 505 506 511 549 590 648 657 711 764 847 858
2 38 97 104 172 174 181 192 195 222 246 290 317 595 605 659 691 699 730 780 807 828 848 866
8 23 45 50 66 122 136 157 159 206 250 269 322 417 429 443 445 458 516 579 650 662 670 675 695 703 723 792 855 890
3 9 22 29 41 58 115 156 212 214 242 251 275 276 285 386 435 461 477 487 575 584 607 620 686 758 767 781 800 814 840
105 125 135 141 142 237 257 260 261 267 297 308 330 337 366 473 520 544 577 586 668 713 718 731 801 813 851 877
6 60 132 185 187 220 232 253 283 318 343 354 418 455 471 484 491 502 555 576 591 676 693 708 849 891
43 52 71 72 80 84 90 216 266 278 289 315 325 345 407 419 467 488 517 531 565 569 631 663 664 666 697 759 835 841 863 884 897
14 39 70 95 140 204 236 238 244 339 349 377 518 545 580 585 601 724 732 752 795 820 867 868 889
31 61 98 150 162 166 201 247 263 280 335 434 460 482 497 503 508 551 588 598 610 629 647 716 819 832
26 62 67 91 108 124 200 229 233 240 241 312 459 462 464 523 563 602 625 640 655 678 700 754 788 804 833 874
13 25 54 101 129 144 147 163 191 223 226 274 309 331 340 344 380 383 408 428 430 468 499 513 541 560 594 604 616 641 658 661 680 737 762 773 829 852 859 873
36 44 63 113 120 126 128 134 138 178 199 209 227 268 291 295 299 321 338 365 378 396 404 409 427 446 452 465 496 522 529 536 559 626 645 690 709 733 761 766 770 784 816 839 853
