99 139 146 162 173 199 240 256 287 337 373 380 395 411 463 507 547 551 568 612 619 644 660 691 798
8 46 80 92 114 116 122 126 147 149 177 212 221 224 248 273 293 329 340 405 426 432 453 562 661 672 708 765 780 830 846
89 120 168 180 190 230 231 254 290 301 403 434 437 473 481 500 627 647 785 803 847 852 899
53 72 130 214 258 268 315 379 391 393 410 515 530 650 681 705 713 769 773 864 883 896
74 93 101 105 109 119 164 196 210 219 232 260 348 404 458 466 537 740 825 836 843
32 47 52 81 82 111 148 269 286 359 438 452 468 532 555 662 704 739 743 833 873
28 79 112 178 246 319 390 450 533 614 632 677 717 730 747 761 818 821 823 828 851
9 20 145 163 189 243 272 281 299 325 427 571 593 684 777 816 860 867 877
66 94 100 125 129 188 195 351 471 502 529 534 587 638 679 682 688 745 754
96 106 140 172 191 201 229 454 474 488 499 607 654 728 772 784 786 802 863 888 893
4 133 184 302 303 338 341 362 365 397 408 433 465 575 664 671 693 702 752 759 778 797 800 845 895
22 25 33 124 128 134 185 198 318 384 387 407 572 577 583 592 610 626 630 724 732 799 835 853
49 55 73 182 226 235 241 366 377 442 464 470 480 490 535 544 578 700 760 897
1 113 161 176 216 257 288 378 445 496 501 522 566 606 611 635 639 643 645 668 692 719 774 783 788 838 857 890
65 117 118 165 170 175 274 284 339 346 355 435 443 598 669 755 770 808 826 868 894
