209 245 264 298 307 314 352 395 444 461 464 545 551 562 614 615 638 641 677 753 849 887
13 92 105 132 287 332 345 350 363 377 459 518 578 583 604 621 634 635 657 706 764 773 870 885
22 64 76 141 155 184 234 259 272 277 286 290 297 301 359 365 396 409 434 467 539 559 566 685 729 784 847 848 894
37 38 69 176 197 233 308 397 426 446 486 529 536 668 705 790 817
66 74 95 100 142 250 337 369 376 500 527 537 582 696 716 718 794 859 880 898
21 51 65 67 98 102 125 148 193 241 262 316 327 328 343 405 431 448 520 525 540 549 637 739 740 774 813 831 839 872
46 58 86 160 203 246 320 386 392 400 428 450 453 530 541 560 632 710 762 828 889
20 23 85 112 120 124 145 159 189 305 335 340 360 447 479 487 510 567 587 593 645 689 763 877
175 188 190 285 390 403 414 471 594 624 633 663 676 679 694 717 755 776 789 844 850
2 44 135 163 172 206 292 312 370 449 474 515 546 579 648 661 736 786 825 893
3 25 84 90 101 126 196 210 229 235 244 282 289 300 341 368 380 458 473 492 511 538 558 584 597 610 690 698 699 750 766 822 856
7 61 171 214 236 294 309 321 342 477 532 565 572 577 642 647 658 674 767 835 855 888
48 130 178 242 252 276 399 478 483 544 669 712 747 798 816 827 838 845 846
18 24 43 55 111 161 257 270 275 303 330 372 513 547 611 646 659 671 765 858
4 119 205 221 267 269 323 366 381 382 420 430 440 445 533 622 703 771 812 840 869 875
