22 87 125 218 222 265 274 355 444 461 463 464 521 547 595 609 614 700 821 827 846 873
7 29 73 80 216 224 229 246 298 320 378 383 395 414 539 583 635 641 720 745 749 851 885
16 57 76 103 154 223 311 333 365 570 665 692 726 789 801 805 819 858 872 882
123 124 155 192 335 350 390 401 427 446 475 492 529 559 572 650 654 663 684 693 727 733 774 808 810 845 852
30 49 83 139 149 196 249 292 340 345 361 387 403 493 567 569 600 673 691 753 794 802 833 841 847
1 18 24 43 45 47 56 84 86 95 145 158 159 194 202 213 250 266 288 531 550 554 555 577 603 605 715 723 755 764 799 828 834 876 894
34 40 46 102 108 160 177 248 346 396 487 495 503 675 710 730 762 823 887
20 117 120 129 152 162 239 356 411 460 473 505 645 652 653 659 678 756 788 804 843 879
52 66 97 115 135 142 157 172 221 231 257 325 347 352 372 422 435 436 448 532 552 633 640 672 677 683 690 706 713 717 735 766 785 814 874 878 893
2 5 14 67 96 101 114 151 210 234 289 291 299 334 389 468 581 669 703 754 772 773 786 791 888
4 60 133 178 237 264 307 315 328 332 341 368 379 454 465 466 467 476 518 536 599 625 634 649 699 725 736 746 798 806
71 110 185 195 214 342 366 394 434 538 544 546 597 618 695 696 722 751 775 853 880
31 62 225 278 294 343 392 420 438 470 471 499 601 621 622 628 689 697 721 724 790 795 817 865
69 99 111 161 179 183 191 212 268 273 478 484 501 502 584 642 661 701 744 763 859 869 890 892
11 44 61 118 147 197 205 206 226 235 259 282 300 357 380 388 398 431 440 479 481 497 513 520 548 566 636 656 767 778
