35 56 63 91 113 125 150 173 180 189 194 202 209 210 258 259
8 14 20 34 37 52 54 73 105 115 138 148 186 247 291
11 12 76 83 89 152 154 169 176 184 188 190 196 203 206 251 279
2 6 10 19 69 72 108 114 127 160 165 197 218 219 225 230 232 238 240 252 253 254 255 256 345
25 38 53 68 80 81 93 95 97 103 131 132 139 142 144 231 269
5 18 22 32 45 47 50 51 88 104 110 111 116 164 222
23 26 30 40 41 46 58 62 64 79 86 87 102 109 112 151 250 257 271
9 16 27 42 70 96 120 136 166 213 226 228 234 236 241 242 243 245
17 39 66 82 94 100 129 141 149 158 167 175 177 179 182 187 260
7 28 44 67 106 121 123 135 140 168 193 201 208 212 221 281 285
3 21 65 71 74 90 128 153 172 191 200 204 211 215 217 223 227 233 235 237 246 262 266
1 33 43 59 60 77 78 98 99 122 124 134 183 195 198 207 214
13 31 48 49 55 107 130 137 145 147 157 163 174 178 192 199 220 224 261
29 61 101 119 143 146 155 171 181 185 205 216 229 239 244 248 249
4 15 24 36 57 75 84 85 92 117 118 126 133 156 159 161 162 170 263 264
