280 873 590 263 281 674 849 63 640
271 298 657 73 745 395 467 773 870 713 641 578 320 388 672 153 795 49
89 265 434 463 380 311 231 691 277 352 347 718 154 53
35 489 289 401 354 822 6 446 218 127 562 529 240 614 507 87 90
458 698 210 731 411 867 348 219 163 103 686 673 537 93 394 438 604 569 564 716
209 306 461 202 737 459 774 627 823 895 852 19 316 222 834 791 638 827 334 857
539 256 821 677 865 375 856 632 91 730 180 642 798 749 444 378 700 326
189 429 576 194 777 684 521 318 652 386 213 418 314 649 567 573 245 236 660 13 208 164
125 687 94 287 844 285 882 688 643 801 192 266 787 158 321 182 355 508 225 413
863 900 644 113 121 766 292 553 887 424 362 264 893 695 96 422 558 100 705 200
738 286 396 237 545 860 307 282 313 399 476 733 211 544 260 41 538 71 546 621 66 176 892 806 888 187 373
274 619 356 610 335 371 255 56 598 551 59 426 497 637 288 383 98 874 803
609 199 872 792 107 464 654 436 26 369 220 223 341 414 421 724 826 379
543 768 898 646 119 890 837 86 146 408 249 493 132 345 522 8 72 634 275
150 173 159 439 57 201 495 602 126 868 118 15 829 818 832 377
