41 45 58 94 100 194 270 271 281 306 322 348 395 461 545 649 698 700 731 810 830 868 869 898
59 130 160 204 241 249 250 312 340 363 379 403 413 416 489 492 580 604 643 657 711 717
21 25 103 169 247 265 274 277 321 569 601 620 647 660 674 694 726 785 820 862 863 871 873 888
69 124 146 154 273 315 350 383 390 401 406 551 577 602 614 636 656 708 733 737 762 816 825 883
67 91 104 173 174 232 272 290 292 301 361 384 389 444 451 457 514 529 595 596 598 839
12 75 88 93 108 127 212 216 264 268 300 310 323 326 333 417 452 516 534 550 555 582 634 638 653 679 729 745 774 808 821 843
30 64 79 97 109 202 225 256 262 311 478 505 554 560 583 632 633 641 658 662 710 722 747 813 848
20 96 119 134 163 188 200 234 236 246 353 356 494 524 536 564 568 645 666 728 741 777 780 857 877
50 66 73 81 90 207 231 239 285 318 329 368 425 436 455 462 474 513 573 716 757 775 787 829 834 865 896
80 192 217 248 303 304 433 437 468 511 520 579 607 611 615 654 663 697 764 779 796 835 854
2 4 32 60 76 83 113 120 121 151 172 185 218 233 235 261 275 325 342 365 370 421 439 450 466 495 572 628 678 695 739 756 759 815 838 866
8 37 102 137 179 201 214 251 331 335 357 367 419 497 503 538 563 696 715 732 767 818 844 880
9 33 46 52 181 215 223 243 244 263 266 279 320 369 445 488 491 502 527 541 548 571 613 686 724 760 792 799 804 842 846 851 870 892
18 138 142 171 186 302 327 376 378 412 484 543 547 650 680 699 783 803 890
36 38 82 92 117 205 211 224 282 284 334 339 481 532 639 730 749 761 776 788 801 826 836 840 849 887
