63 199 219 243 271 281 348 399 424 547 578 652 660 677 700 787 852 863 893 900
10 14 20 54 178 285 412 467 478 595 596 603 604 605 612 717 754 877 879
25 62 76 152 168 169 184 203 206 222 305 311 336 364 380 464 485 508 570 602 615 767 784
6 32 37 130 165 328 345 406 410 426 433 504 524 530 535 537 556 623 681 779 818 843
58 68 104 163 164 187 195 370 376 411 444 453 510 550 598 599 714 721 752 833 854 866
5 40 108 250 268 613 627 629 639 679 704 737 743 761 845 870
140 172 234 251 256 260 320 428 450 560 581 632 661 663 675 713 762 769 827 885
124 189 242 245 258 314 335 352 359 440 505 521 542 564 579 587 588 593 635 653 684 728 750 770 786 796
50 52 70 71 79 93 112 143 170 188 207 294 313 317 326 396 434 455 480 486 631 637 651 687 706 722 726 730 793 797 822 834 859
61 85 105 106 137 144 157 200 211 220 229 330 339 407 422 488 492 499 526 540 585 686 688 690 697 727 739 748 753 791 865
4 65 153 233 253 261 280 365 391 415 518 531 545 699 811 820 832 855
33 77 99 114 122 192 198 205 215 319 383 477 482 511 551 565 664 702 724 819 835 838 876
174 181 252 277 377 392 436 443 490 507 539 563 575 607 619 707 715 756 782 798 846 887 889
18 47 91 110 127 155 179 183 216 267 315 338 390 408 437 448 496 597 646 667 744 768 776 805 837 883
97 255 284 291 307 350 355 420 430 468 522 544 775 788 802 829 836 840 868 871 875 880 892
