56 189 263 274 281 590 674 849 873
59 93 127 264 271 298 388 395 413 467 578 621 640 641 713 745 773 870
63 146 154 222 231 277 311 321 352 380 434 463 718 863
19 158 199 218 282 289 373 489 495 529 538 562 564 614 654 705 733
100 103 132 163 192 219 348 411 438 464 537 569 673 686 698 731 791 826 867 868
71 98 125 150 176 182 202 209 306 335 459 461 627 638 737 823 832 834 852 895
6 26 53 86 180 225 255 256 375 426 444 539 632 642 677 730 749 865
35 119 210 213 236 265 275 314 318 386 418 521 567 573 576 649 652 660 684 777 818 857
13 94 164 187 245 285 287 288 377 414 687 688 774 787 801 803 822 829 844 882
73 113 121 201 292 362 383 394 422 424 553 695 716 766 768 792 887 888 893 900
41 89 91 96 194 211 223 237 260 286 307 326 354 379 396 399 476 507 544 545 657 691 724 738 806 821 860
8 87 107 208 345 356 371 378 439 497 551 598 610 619 637 643 672 795 874
49 72 220 341 369 401 421 429 436 458 508 546 609 700 798 827 856 872
90 153 249 280 313 320 408 446 493 522 543 604 634 644 646 837 890 892 898
15 57 66 118 126 159 173 200 240 266 316 334 347 355 558 602
