12 35 56 63 91 100 113 125 150 173 180 189 194 209 210 223
8 14 37 45 52 70 73 105 115 138 148 156 186 258 285
21 39 76 83 107 152 154 169 176 184 188 190 196 202 203 206 266
2 10 18 19 25 69 72 75 87 108 114 134 163 164 165 197 199 218 225 230 238 240 252 256 264
30 38 53 68 80 93 95 103 122 131 132 139 142 174 178 222 231
5 22 47 88 98 110 111 116 183 193 198 221 228 250 253
6 7 23 40 41 46 51 58 86 102 109 112 127 160 246 251 254 259 269
9 16 20 27 42 50 120 136 166 213 226 234 241 242 243 245 247 271
17 54 66 79 82 94 129 141 149 158 167 175 177 179 182 187 257
13 28 44 67 106 121 123 135 140 144 151 168 212 217 229 279 291
4 32 60 64 65 71 74 90 96 117 128 153 172 191 200 204 211 215 219 232 233 237 260
33 59 77 78 99 104 124 195 201 207 208 214 236 255 261 262 345
3 11 26 31 48 49 55 62 81 130 137 145 147 157 192 220 224 235 263
1 29 61 101 119 143 146 155 161 171 181 185 216 239 244 248 249
15 24 34 36 43 57 84 85 89 92 97 118 126 133 159 162 170 205 227 281
