44 73 98 192 248 270 321 354 394 465 546 609 627 652 691 738 768 787 804 815 832 970 1030 1081 1088 1124 1149 1182 1243 1247 1258 1267 1280 1354 1439 1535
5 7 138 151 263 372 406 490 589 594 654 847 874 892 929 1025 1034 1080 1086 1133 1175 1208 1240 1252 1266 1314 1366 1372 1382 1552 1560
23 38 50 57 67 119 142 296 352 386 489 497 549 572 646 764 806 826 861 884 981 1058 1096 1123 1181 1200 1257 1318 1345 1568
2 18 43 74 79 199 204 273 319 338 367 379 409 451 457 511 531 565 578 642 687 784 785 825 872 891 909 949 974 977 983 1023 1026 1028 1044 1100 1130 1177 1184 1190 1191 1192 1228 1291 1347 1374 1375 1395 1469 1487 1547 1575 1582
53 62 129 141 314 323 335 358 385 443 476 513 548 579 618 619 743 748 751 778 879 904 1020 1092 1143 1174 1210 1346 1408 1433 1501 1533 1566
1 124 159 200 291 304 425 475 477 483 588 615 690 763 852 965 1050 1062 1065 1129 1139 1205 1211 1233 1259 1326 1388 1396 1446 1465 1508 1522 1545
114 118 123 134 176 285 301 418 437 482 516 519 626 657 678 710 734 739 794 816 838 910 950 1049 1097 1119 1142 1154 1220 1234 1241 1244 1245 1249 1262 1283 1376 1384 1406 1437 1459 1558 1571 1577
20 69 92 157 222 225 231 250 254 284 350 404 424 455 473 524 607 625 650 779 807 827 845 959 1134 1204 1281 1352 1427 1436 1485 1504 1556
52 230 268 430 460 556 569 596 598 601 621 704 709 721 729 789 817 916 989 1066 1108 1209 1226 1270 1275 1383 1414 1486 1489 1516
19 26 31 32 58 187 211 246 294 309 580 611 633 776 788 843 846 917 945 946 952 992 1069 1101 1122 1152 1161 1170 1176 1330 1418 1480 1495
22 55 68 81 87 91 103 115 217 229 241 308 388 400 509 538 584 647 755 805 849 863 941 962 1077 1131 1225 1274 1324 1336 1359 1390 1426 1491
9 82 156 257 320 382 429 433 708 735 745 821 836 862 887 980 1009 1015 1018 1125 1227 1238 1277 1303 1468 1474 1523 1530 1578
47 117 264 324 329 355 405 422 436 444 486 577 648 655 663 715 746 758 793 800 857 944 987 1071 1117 1141 1157 1173 1333 1360 1367 1393 1463 1476 1483 1514 1524 1528 1591
17 83 104 120 171 175 182 186 267 288 378 383 391 410 469 488 533 559 640 668 698 702 716 877 883 896 907 920 932 940 1063 1085 1089 1112 1120 1132 1185 1302 1320 1338 1343 1379 1397 1562 1567
29 63 116 147 183 262 332 345 362 373 397 407 434 453 510 515 656 722 753 791 915 990 1000 1072 1165 1187 1242 1250 1279 1402 1432 1481 1496 1509 1542 1544
14 61 160 213 272 274 277 307 370 396 398 401 402 543 563 583 597 630 651 653 724 772 780 786 824 841 854 864 911 943 1036 1075 1172 1179 1385
4 70 85 101 108 137 144 153 247 325 341 377 390 411 450 464 536 830 937 942 1094 1110 1116 1136 1180 1353 1357 1405 1443 1511 1598
25 36 174 224 259 316 334 545 617 665 711 773 899 963 1033 1056 1105 1107 1135 1221 1235 1239 1248 1278 1322 1404 1420 1434 1520 1557 1563
16 30 149 162 181 249 269 289 311 337 413 420 439 527 544 603 624 639 706 718 731 733 790 837 1012 1042 1144 1212 1246 1287 1292 1296 1471 1538
54 109 146 180 190 202 421 441 494 503 520 632 649 693 765 859 903 925 960 964 972 998 1010 1099 1269 1378 1449 1478
