69 218 236 237 263 286 318 334 354 383 386 414 529 598 624 665 674 787 798 823 947 952 970 984 1109 1212 1278 1452 1480 1572
18 49 114 152 190 249 285 301 403 429 438 440 534 565 670 761 773 834 842 851 871 880 920 944 971 1116 1138 1143 1145 1183 1205 1223 1226 1227 1258 1263 1303 1318 1342 1363 1370 1376 1454 1492 1570 1586
210 233 238 245 425 454 481 484 543 587 627 724 746 795 796 849 857 908 914 1020 1045 1196 1249 1284 1327 1340 1345 1469 1553 1577
62 78 193 206 404 423 450 503 533 554 570 793 841 886 965 1051 1117 1128 1160 1189 1279 1317 1339 1379 1448 1527 1543 1598
66 121 337 389 392 405 435 476 509 599 650 681 827 873 943 1030 1085 1092 1174 1214 1255 1402 1501 1517 1525 1530
85 118 273 308 353 416 462 700 707 763 817 861 935 958 988 999 1095 1184 1233 1238 1253 1399 1508 1512 1575
25 71 167 172 188 199 224 247 268 295 296 310 330 424 536 649 671 877 909 933 994 1180 1197 1422 1462 1470 1477 1558 1587
44 99 202 220 222 279 315 324 566 616 661 682 767 820 879 889 1088 1104 1229 1266 1309 1429 1463 1466 1573 1597
139 170 197 266 322 467 485 499 626 639 744 748 770 829 910 926 1010 1270 1301 1423 1464 1472 1534 1548 1578
83 230 376 410 413 465 468 551 553 576 580 631 635 636 658 691 741 788 826 840 918 955 989 1069 1076 1134 1231 1325 1392 1450 1495 1556
38 51 59 87 140 179 280 352 374 470 625 723 931 975 977 1074 1098 1108 1207 1213 1215 1245 1286 1328 1350 1386 1397 1518
42 97 300 332 343 372 382 417 436 452 508 520 542 734 804 811 819 824 844 853 862 983 1008 1022 1087 1125 1159 1344 1394 1503 1539 1547
34 40 92 232 444 544 646 648 772 778 978 1049 1060 1082 1161 1190 1235 1369 1393 1496 1540 1551
45 104 120 122 204 302 313 321 432 505 522 640 673 751 869 896 902 1065 1175 1225 1256 1371 1404 1410 1507
9 29 84 119 281 291 336 406 478 480 637 710 843 870 915 993 1150 1292 1314 1373 1475 1486 1488 1516 1541
23 108 110 163 306 339 355 375 441 605 618 644 651 762 775 973 990 1168 1202 1243 1269 1306 1315 1335 1408 1456 1460 1489 1505
41 48 243 331 335 349 475 676 781 784 809 830 906 928 942 961 964 997 1018 1057 1120 1123 1137 1188 1209 1282 1300 1336 1453
35 68 88 157 217 226 316 325 418 550 562 596 659 687 704 747 760 833 1064 1177 1222 1283 1347 1367 1380 1431
26 31 77 79 116 253 270 299 365 381 420 421 491 514 669 693 705 730 780 866 930 968 1021 1042 1091 1334 1361 1440 1465 1484 1519 1549
36 57 75 176 228 256 290 384 400 482 486 539 590 603 706 719 731 765 822 836 847 859 905 938 939 954 972 1115 1119 1140 1288 1322 1398 1418 1447
