173 187 298 307 314 334 348 551 573 602 642 737 878 952 954 970 986 1149 1214 1232 1302 1326 1332 1354 1372 1474 1483 1518 1526 1549 1561 1593
18 58 105 120 184 238 274 317 321 322 325 477 478 501 506 558 635 647 657 658 713 719 727 735 781 796 871 874 918 919 962 1002 1013 1020 1072 1109 1159 1209 1223 1249 1263 1321 1336 1385 1398 1405 1421 1444 1485 1594
52 55 114 135 293 352 415 420 432 571 703 712 804 832 870 893 914 937 1131 1144 1190 1239 1261 1301 1319 1422 1432 1434 1502 1516
149 150 174 219 224 295 313 316 379 423 435 465 490 504 545 610 653 723 741 780 815 846 851 858 1018 1023 1063 1081 1189 1258 1310 1458 1545 1565
47 63 67 94 241 258 302 323 333 375 469 474 476 546 612 670 677 691 701 742 798 841 843 912 925 1021 1028 1035 1092 1117 1155 1184 1207 1325 1352 1386 1462 1517 1559 1575
36 42 53 138 188 213 235 264 351 380 434 491 505 615 646 678 827 836 872 897 909 949 961 969 1032 1070 1076 1211 1220 1226 1246 1269 1291 1322 1328 1358 1459 1466 1493 1507 1560 1566
8 31 34 81 88 118 124 146 198 335 342 363 388 398 425 431 483 485 549 663 773 797 895 951 964 987 1001 1029 1064 1106 1129 1135 1259 1262 1275 1342 1412 1435 1442 1456 1543
99 123 272 310 378 407 555 680 739 765 799 829 831 876 966 984 1006 1097 1146 1199 1268 1278 1343 1373 1395 1475 1489 1527 1573
86 170 245 247 268 280 308 361 525 592 600 608 696 700 729 775 789 835 1024 1095 1103 1111 1120 1152 1164 1176 1250 1338 1389 1476 1498 1538 1587
19 51 62 206 226 390 413 441 481 530 560 565 588 598 611 717 750 800 857 898 999 1122 1178 1224 1227 1298 1304 1366 1431 1524 1563
28 64 75 87 107 129 132 212 217 253 291 311 315 339 343 368 403 448 468 527 528 668 810 834 944 983 1061 1119 1182 1225 1333
70 91 97 156 207 209 376 503 508 521 649 683 716 785 808 865 877 881 887 923 936 1025 1033 1054 1125 1215 1253 1256 1303 1368 1380 1394 1415 1426
40 222 249 255 285 294 365 422 456 460 515 577 651 684 753 770 823 825 838 863 879 890 929 995 1044 1057 1071 1130 1139 1156 1183 1194 1200 1213 1219 1228 1266 1345 1356 1390 1410 1430 1441 1451 1504 1520 1532 1569 1600
33 83 95 96 164 218 233 276 312 328 350 400 409 424 486 512 633 667 693 705 726 805 888 955 993 1198 1229 1245 1306 1324 1334 1362 1365 1401 1411 1525 1571 1579
29 41 151 183 267 320 451 535 584 613 639 641 669 715 722 791 852 953 1014 1141 1153 1154 1187 1208 1339 1360 1384 1506 1508 1541 1553 1595
61 84 100 185 191 223 230 301 306 318 459 513 516 567 581 627 656 675 900 975 992 994 1003 1012 1079 1172 1248 1313 1425
43 54 71 228 262 395 574 679 682 692 749 783 794 811 873 910 928 934 963 1043 1102 1166 1180 1281 1312 1413 1443 1503 1533 1562
15 60 68 140 221 234 251 286 319 324 336 353 418 628 745 772 812 818 889 1008 1026 1066 1140 1177 1186 1236 1240 1286 1308 1346 1491 1548
30 69 157 202 227 381 426 429 443 458 514 523 561 618 631 685 809 822 837 840 885 938 1019 1047 1059 1090 1160 1162 1293 1359 1409 1478 1531 1539
13 49 72 130 133 141 232 282 292 337 372 446 461 471 594 622 844 859 940 945 972 990 1038 1056 1067 1118 1134 1453 1467 1479 1492 1521 1581 1583
