202 236 318 337 362 411 434 475 649 688 716 780 865 889 920 937 986 1004 1012 1116 1131 1165 1192 1193 1209 1236 1252 1266 1267 1277 1320 1382 1389 1438 1489 1491 1520
45 54 78 110 142 212 284 289 310 388 431 735 985 989 1005 1082 1172 1205 1214 1299 1385 1417 1533 1546 1560
29 57 63 156 237 273 303 317 359 364 497 504 571 595 708 743 849 858 893 1119 1198 1322 1346 1411 1600
90 159 211 288 372 379 450 492 535 715 860 955 990 1094 1139 1156 1235 1398 1448 1527
139 167 205 280 350 421 443 513 566 598 628 658 670 690 691 841 894 929 1047 1085 1113 1302 1371 1463 1482 1490 1494
107 244 268 269 293 366 568 575 599 745 835 851 879 938 1071 1074 1084 1126 1154 1200 1232 1282 1513
25 47 203 206 267 400 565 570 600 811 918 933 1035 1060 1155 1197 1211 1226 1357 1388 1426 1435 1442 1452 1495 1524 1541
14 27 34 42 231 367 382 393 394 398 478 558 638 646 679 689 746 946 1011 1013 1017 1023 1100 1114 1395 1424 1466 1578
1 21 76 123 358 405 548 680 704 734 748 753 814 887 902 910 917 982 1051 1075 1152 1167 1218 1221 1243 1421
2 12 19 61 85 136 248 353 390 518 733 784 819 901 1149 1206 1287 1418 1437 1483 1487 1525 1532 1538 1551
31 140 346 349 395 426 428 480 483 805 821 826 863 931 940 963 1258 1408 1414 1447 1485 1526
9 10 33 41 105 151 217 300 327 334 503 533 642 698 701 718 726 866 1001 1003 1246 1291 1298 1319 1334 1407 1465
3 101 219 375 387 399 588 637 952 953 974 1190 1217 1256 1269 1307 1355 1369 1449 1467 1514 1543
86 97 117 165 177 235 250 276 290 378 444 466 505 522 536 551 580 662 683 798 882 939 950 984 1042 1049 1101 1136 1175 1212 1224 1284 1288 1289 1338 1362 1413 1474
16 66 79 95 113 176 194 253 397 452 491 563 618 653 654 684 697 794 797 911 948 1027 1072 1086 1176 1195 1250 1339 1406 1529 1544
82 83 265 414 507 516 604 622 626 714 789 850 904 1020 1069 1083 1245 1264 1354 1400 1455 1590 1591
93 153 294 307 342 512 517 909 996 1032 1068 1076 1092 1178 1239 1274 1326 1378 1423 1516 1596 1599
37 39 68 128 145 220 292 308 420 447 461 510 524 624 630 661 666 677 876 885 919 987 995 1147 1276 1306 1481 1498 1571
58 92 109 271 365 409 472 539 560 585 587 732 759 790 960 1037 1087 1118 1188 1304 1361 1531 1582 1589 1593
40 77 133 158 377 538 693 705 755 765 874 886 903 913 966 969 1057 1093 1293 1428 1469 1504 1552 1587
