41 73 96 173 265 271 282 287 306 335 380 426 476 489 641 738 777 887 1038 1321 1356 1405 1424 1543 1549 1561 1574
140 415 511 564 629 765 803 894 908 980 986 1109 1135 1254 1299 1338 1366 1373 1389 1458 1473 1501 1510 1526 1546
13 24 49 233 263 326 332 363 453 462 493 495 578 632 637 650 672 699 725 831 1025 1154 1284 1345 1518 1594
90 131 148 159 231 457 533 545 552 573 694 741 757 788 805 985 1156 1233 1451 1456 1489 1528 1596
53 209 253 399 467 471 509 566 624 681 688 690 691 776 807 848 987 988 1020 1066 1180 1214 1302 1314 1585 1587 1589 1593
7 11 46 101 107 132 141 165 169 196 239 302 343 346 377 391 464 468 685 714 717 893 915 920 928 960 982 1018 1071 1102 1121 1139 1167 1172 1191 1201 1263 1265 1282 1397 1425 1446 1468 1500 1529 1533 1588 1595
114 171 178 340 376 407 422 434 440 500 514 535 561 619 627 655 756 863 865 930 978 994 1012 1089 1197 1211 1255 1261 1277 1313 1444 1450 1474 1495 1531 1541 1542 1558 1583
20 36 65 127 138 167 201 262 273 294 355 393 411 445 501 522 542 618 628 633 648 698 703 773 804 867 890 996 1001 1053 1055 1057 1065 1111 1150 1222 1229 1350 1360 1375 1435 1445 1504 1513 1519 1562
1 38 54 95 123 139 166 174 200 295 333 465 469 640 678 751 760 814 923 989 1013 1041 1058 1108 1153 1509
26 85 205 206 208 211 303 308 323 336 404 506 551 598 723 790 799 912 918 958 1034 1134 1186 1264 1355 1394 1452 1578
10 51 257 280 291 318 388 395 446 569 616 625 676 730 761 768 826 828 875 975 1161 1182 1276 1286 1315 1328 1384 1413
33 72 88 151 155 299 315 420 513 541 589 659 661 696 838 864 902 956 966 1009 1149 1236 1271 1283 1293 1530 1539
2 61 185 222 229 354 357 369 510 527 563 603 651 744 853 874 886 906 974 1189 1190 1275 1358 1430 1454 1464 1540 1582
27 126 168 203 240 272 321 396 400 480 680 689 779 785 795 815 818 840 846 964 1006 1036 1098 1120 1131 1165 1185 1216 1224 1244 1365 1395 1565
16 31 112 192 249 305 378 449 515 550 597 666 674 697 870 878 889 904 911 999 1024 1059 1141 1176 1195 1208 1292
40 50 94 293 412 507 516 567 596 716 748 755 916 926 1114 1147 1187 1270 1287 1288 1357 1359 1443 1506 1545
93 149 164 329 349 359 389 485 491 600 679 682 728 891 1027 1072 1076 1094 1136 1166 1226 1281 1301 1368 1409 1419 1460 1522
25 67 129 152 170 286 375 455 572 608 704 721 747 782 934 946 983 1046 1064 1079 1104 1177 1199 1221 1552
109 130 137 202 223 236 269 285 365 442 502 610 732 884 921 948 1061 1118 1162 1289 1305 1361 1433 1465 1471
116 125 172 190 297 348 478 620 634 645 709 775 791 862 876 905 1010 1037 1050 1157 1175 1280 1308 1374 1453 1534
