280 1064 873 590 1285 263 914 1426 1015 934 913
489 289 687 657 354 1005 521 1086 1406 882 1461 369 1389 1428 388 993 985 1546 422 66
849 63 576 287 1198 737 6 57 119 1382 774 1521 893 1154 1483 1059 627 1098 41 1490 892
920 1427 1367 1106 1183 777 609 255 1282 439 159 375 285 1242 641 444 288 1252 1010 1515
209 89 1488 298 677 199 218 237 1030 545 1535 1302 154 614 146 895 929 19 476 421 791 1266
1454 434 1592 107 745 426 277 240 695 96 1505 158 1261 558 522 874 1245 569 1594 1502 834 1462 53
286 865 768 1495 213 463 562 1543 264 495 307 1392 1424 1512 93 222 211 1418 8 1593
619 1303 1565 792 202 908 646 446 59 1158 642 773 1561 1146 231 688 749 1100 163 546
1058 1220 94 598 887 1270 467 602 1518 1390 910 1356 245 801 1031 1312 266 829 1457 724 544 1016 378
1572 429 872 121 1124 867 1556 553 201 551 314 1551 1206 798 945 691 654 823 383 852 72
863 1267 821 1478 970 1193 91 380 730 180 573 1115 352 940 1088 103 604 733 87 1573 1590 986 1110 1425
189 1049 543 698 652 1038 1246 1104 1149 649 632 497 860 1173 1394 362 126 436 347 320 260 827
1514 1503 952 356 306 411 56 386 1441 529 637 1062 219 578 718 1189 399 787 1129 673 414 1450 1440 90
1316 1321 1232 113 1557 1332 1480 464 1048 1185 311 98 313 86 1224 640 394 321 1395 1319 990 638
281 674 173 256 1288 937 194 684 898 822 1359 1141 73 890 1541 1203 837 870 220 868 1033
274 1489 900 401 644 396 973 318 265 1354 418 424 1315 567 1109 992 1187 132 1188
335 1116 766 371 459 1540 1295 1378 1516 1272 1306 1326 672 341 932 1555 1353 438 1178 1405 1243
150 35 1021 461 292 1279 1504 1431 713 686 1278 537 1052 660 316 1137 355 818 182 1260 345 1002 1011 493 1313
458 738 539 1228 610 271 844 1171 959 1004 1579 26 935 1305 236 1268 223 15 408 948 249 1127 538
1056 125 210 731 954 905 1453 127 856 395 348 1027 1212 1534 643 1192 118 282 507 192 1575
