263 280 590 873 913 914 934 1015 1064 1285 1426
66 289 354 369 388 422 489 521 657 687 882 985 993 1005 1086 1389 1406 1428 1461 1546
6 41 57 63 119 287 576 627 737 774 849 892 893 1059 1098 1154 1198 1382 1483 1490 1521
159 255 285 288 375 439 444 609 641 777 920 1010 1106 1183 1242 1252 1282 1367 1427 1515
19 89 146 154 199 209 218 237 298 421 476 545 614 677 791 895 929 1030 1266 1302 1488 1535
53 96 107 158 240 277 426 434 522 558 569 695 745 834 874 1245 1261 1454 1462 1502 1505 1592 1594
8 93 211 213 222 264 286 307 463 495 562 768 865 1392 1418 1424 1495 1512 1543 1593
59 163 202 231 446 546 619 642 646 688 749 773 792 908 1100 1146 1158 1303 1561 1565
94 245 266 378 467 544 598 602 724 801 829 887 910 1016 1031 1058 1220 1270 1312 1356 1390 1457 1518
72 121 201 314 383 429 551 553 654 691 798 823 852 867 872 945 1124 1206 1551 1556 1572
87 91 103 180 352 380 573 604 730 733 821 863 940 970 986 1088 1110 1115 1193 1267 1425 1478 1573 1590
126 189 260 320 347 362 436 497 543 632 649 652 698 827 860 1038 1049 1104 1149 1173 1246 1394
56 90 219 306 356 386 399 411 414 529 578 637 673 718 787 952 1062 1129 1189 1440 1441 1450 1503 1514
86 98 113 311 313 321 394 464 638 640 990 1048 1185 1224 1232 1316 1319 1321 1332 1395 1480 1557
73 173 194 220 256 281 674 684 822 837 868 870 890 898 937 1033 1141 1203 1288 1359 1541
132 265 274 318 396 401 418 424 567 644 900 973 992 1109 1187 1188 1315 1354 1489
335 341 371 438 459 672 766 932 1116 1178 1243 1272 1295 1306 1326 1353 1378 1405 1516 1540 1555
35 150 182 292 316 345 355 461 493 537 660 686 713 818 1002 1011 1021 1052 1137 1260 1278 1279 1313 1431 1504
15 26 223 236 249 271 408 458 538 539 610 738 844 935 948 959 1004 1127 1171 1228 1268 1305 1579
118 125 127 192 210 282 348 395 507 643 731 856 905 954 1027 1056 1192 1212 1453 1534 1575
