56 63 89 98 113 125 150 173 189 194 202 209 210 218 236 256 263 271 292 419
5 13 28 49 54 78 185 191 276 283 289 336 346 354 355 364 368 369 376 377 384 385 386 387 413
6 7 17 24 29 30 36 37 57 62 119 142 156 181 182 223 233 252 429
22 61 139 148 159 225 250 255 285 288 300 305 316 321 327 339 367 371 375 379 388 394 395 397 403 412 416 424 425
19 42 53 66 77 146 167 197 199 205 237 246 260 298 304 323 329 337 340 358 360 361 418 437
44 47 74 85 107 128 130 183 221 235 240 244 257 269 273 277 293 308 317 351 391
8 25 39 72 76 93 171 172 178 211 213 222 232 264 284 286 307 309 310 420
14 21 48 50 59 70 99 123 135 175 186 198 207 231 266 279 290 347 350 422
1 84 94 102 131 133 134 170 174 179 200 203 204 214 245 248 275 295 333 404 433 442
2 12 55 65 121 149 151 158 184 201 226 243 287 303 314 322 331 353 359 378 383 414 421
11 23 31 79 91 100 124 132 140 141 144 180 193 195 212 258 318 335 343 370 417
18 33 97 103 105 126 187 217 229 312 320 332 334 344 345 362 363 366 372 382 392 398 399 400 402 406 408 411 451
3 34 75 92 101 114 161 206 208 219 242 299 306 342 349 352 356 357 396 409 410 432
4 9 32 45 60 86 111 115 120 122 136 138 162 168 196 272 311 313 328 330 407
16 68 73 87 95 110 143 190 220 227 247 249 254 259 267 280 281 291 319 381
27 40 52 82 83 88 96 106 108 163 177 238 261 265 274 297 341 380 426
10 41 46 71 80 81 129 145 153 157 164 165 239 262 282 294 315 326 478
35 67 147 152 166 169 216 224 234 296 302 325 348 373 374 389 390 393 401 405 415 446
15 20 26 43 58 69 104 109 137 215 241 251 268 270 301 338 365 423 431 444
38 51 64 90 112 116 117 118 127 154 155 160 176 188 192 228 230 253 278 324
