47 61 78 86 113 118 131 143 187 208 219 328 350 354 361 394 427 477 518 606 685 698 747 766 805 815 816 886 890 914 1007 1028 1118 1150 1154 1166 1189 1206 1315 1326 1328 1359 1391 1401 1495 1496 1542 1565 1566 1594
6 138 186 226 307 333 408 497 512 642 697 735 765 771 836 892 918 1003 1084 1105 1109 1164 1188 1205 1264 1338 1422 1493 1503 1571
137 248 267 286 302 388 396 409 417 503 544 564 571 605 632 701 725 734 761 811 819 870 927 998 1140 1196 1214 1230 1319 1375 1380 1488 1553 1600
49 121 126 141 232 269 336 339 363 371 374 532 708 709 778 785 824 849 873 910 961 1008 1100 1242 1330 1418 1448 1464 1525 1541 1557 1560 1562 1576
129 146 161 199 212 259 301 464 553 555 568 628 630 650 658 688 711 800 823 827 845 905 950 1016 1030 1037 1039 1117 1138 1151 1296 1403 1518
33 44 96 135 247 266 391 441 457 463 474 507 615 678 679 693 705 791 869 940 1004 1013 1044 1051 1116 1120 1152 1153 1172 1187 1253 1259 1286 1302 1318 1324 1336 1361 1408 1450 1509 1588
1 76 85 195 206 220 271 309 341 360 398 483 516 619 687 723 798 838 844 896 978 985 1017 1026 1129 1145 1241 1278 1374 1453 1492 1522
28 29 64 69 80 109 176 231 273 379 416 445 478 542 601 633 749 762 773 804 946 973 1090 1091 1201 1223 1240 1357 1442 1500 1547 1559 1561
21 102 147 290 295 306 364 405 458 499 534 554 647 715 744 942 1010 1068 1095 1108 1122 1131 1220 1334 1360 1473 1483 1501 1507 1544
5 7 19 36 200 214 274 282 316 355 403 505 506 545 557 594 653 689 690 700 702 742 774 782 817 841 851 887 909 917 1011 1059 1086 1102 1137 1207 1209 1263 1269 1331 1355 1377 1394 1437 1599
100 132 144 242 280 352 479 523 528 540 604 670 781 802 876 881 891 931 962 1069 1088 1213 1245 1258 1339 1400 1470
18 72 124 159 312 345 397 440 521 560 593 608 718 737 900 907 933 1055 1074 1234 1257 1291 1297 1320 1397 1468 1477 1539 1581
16 40 46 75 95 116 211 287 324 368 473 500 511 520 563 572 585 620 696 727 743 808 959 974 1033 1167 1192 1194 1244 1271 1333 1491 1535 1574 1578
13 66 70 111 134 188 192 279 300 317 330 358 370 400 472 548 567 574 635 721 858 906 916 975 1175 1262 1289 1304 1316 1352 1365 1419 1508
32 173 210 264 332 376 469 480 504 522 539 556 581 641 720 793 820 902 925 936 996 1005 1019 1036 1052 1073 1097 1288 1314 1443 1564 1582 1590
9 56 92 105 117 127 140 160 213 272 329 406 459 491 576 583 587 595 613 669 675 724 740 746 768 894 929 941 1031 1065 1082 1106 1161 1171 1246 1274 1275 1281 1293 1392 1396 1410 1580
189 203 294 455 575 662 672 681 716 784 790 807 833 888 939 944 984 1034 1123 1174 1218 1251 1329 1354 1362 1407 1551
41 43 84 150 157 185 238 304 342 349 418 432 433 444 448 482 617 636 729 788 863 865 911 930 943 1027 1029 1040 1107 1144 1176 1183 1190 1222 1248 1290 1308 1367 1379 1423 1568 1591
15 223 236 268 347 429 434 443 561 631 732 754 767 840 866 871 904 912 945 1054 1142 1162 1165 1193 1212 1300 1434 1469 1520
14 93 115 172 201 202 275 288 291 299 320 365 380 426 728 751 859 867 880 921 1000 1070 1139 1147 1148 1195 1211 1363 1389 1478 1490 1530 1533 1537
