102 107 219 371 726 731 792 801 804 821 865 872 905 952 1030 1038 1058 1098 1146 1158 1175 1220 1303 1356 1447 1484 1489 1495
15 17 186 283 406 505 736 770 827 890 1010 1032 1042 1172 1223 1277 1366 1405 1406 1497 1546 1586 1591 1592
28 38 89 123 207 308 352 356 425 500 543 563 650 725 737 743 857 866 998 1045 1101 1190 1191 1233 1240 1370 1388 1469 1600
22 90 109 271 313 414 546 552 607 741 811 841 846 856 928 929 969 1021 1148 1160 1219 1222 1231 1252 1339 1348 1349 1361 1423 1514
209 246 276 298 353 419 471 499 677 816 894 895 943 979 1006 1092 1126 1164 1214 1443 1487 1488 1537 1566
84 167 199 240 257 287 309 366 457 491 568 575 588 601 653 685 754 755 765 1052 1097 1249 1255 1282 1408 1465 1519 1525 1588
40 57 99 133 136 138 148 241 263 286 303 310 483 501 562 566 612 678 771 802 806 851 859 871 910 925 933 1091 1121 1197 1290 1320 1338 1344 1359 1373 1383 1392 1398 1400 1421 1424 1521 1576
3 9 260 294 360 376 422 441 586 590 651 689 758 829 896 908 914 951 1017 1019 1033 1047 1068 1090 1114 1145 1166 1196 1234 1263 1266 1310 1529 1532 1565
74 162 261 357 391 541 556 569 598 663 669 696 728 748 785 794 849 858 1003 1013 1079 1108 1122 1135 1159 1177 1253 1269 1413 1496 1538 1554
5 19 55 85 320 359 397 514 712 773 799 824 852 867 881 958 1178 1193 1264 1326 1360 1437 1485 1530 1572
79 233 318 427 431 478 486 583 592 676 705 733 800 826 887 917 953 994 1081 1364 1478 1491 1526 1567
10 64 155 158 189 192 432 479 528 589 659 724 734 812 834 927 972 980 1007 1072 1104 1291 1302 1350 1380 1459 1472
18 95 170 206 212 226 324 354 382 383 509 525 529 637 790 873 1001 1102 1133 1161 1189 1237 1271 1317 1386 1440 1467 1578 1582
32 60 73 93 125 160 204 311 400 409 447 449 451 490 507 704 711 717 762 838 843 1002 1016 1120 1136 1238 1251 1458
66 112 173 256 259 267 281 295 407 444 480 642 666 674 845 891 915 948 1029 1059 1195 1224 1305 1314 1327 1347 1442 1462 1499 1549
117 124 177 193 202 208 220 230 244 272 274 279 344 411 412 460 463 487 611 617 644 735 756 796 853 893 922 971 982 986 1037 1076 1094 1106 1131 1139 1207 1245 1331 1385 1420 1456 1461 1463 1466 1545 1579
37 46 146 153 247 282 307 341 442 467 721 774 781 798 833 913 957 966 1110 1174 1272 1312 1336 1353 1409 1431 1453 1563 1596
216 234 373 416 448 461 520 537 572 630 655 710 760 899 924 1046 1095 1144 1270 1281 1306 1367 1381 1504 1522 1548
2 26 169 172 215 225 268 398 440 459 548 565 574 639 706 753 874 912 960 968 1066 1226 1236 1268 1304 1334 1531 1594 1599
14 108 116 201 210 301 358 482 582 584 709 791 981 996 1009 1011 1015 1084 1099 1113 1184 1293 1454 1533 1534
