173 263 280 463 590 914 934 1015 1064 1285 1426
211 264 354 369 388 422 521 657 687 768 882 993 1004 1005 1188 1389 1406 1428 1461 1546
6 35 57 119 493 539 638 774 837 849 893 1030 1059 1098 1104 1154 1198 1266 1319 1483 1521
255 285 375 439 444 576 609 641 777 920 985 1016 1106 1183 1242 1252 1282 1367 1427 1457
19 53 89 146 154 199 209 237 287 298 467 476 545 677 691 713 827 873 929 1302 1488 1593
63 96 240 277 288 426 489 522 558 569 695 745 834 874 913 1086 1245 1261 1454 1502 1505 1592 1594
8 72 93 159 286 307 356 378 434 495 546 562 937 1392 1418 1424 1462 1495 1512 1543
163 202 222 446 543 642 646 688 749 773 792 860 908 1100 1146 1158 1303 1561 1565 1575
86 94 182 271 598 602 724 801 829 887 910 1010 1031 1058 1178 1185 1220 1243 1270 1312 1356 1390 1518
121 158 231 314 383 429 551 553 654 798 823 852 867 872 945 1124 1206 1382 1551 1556 1572
59 66 91 352 380 538 573 604 614 718 730 733 821 863 892 940 970 986 1088 1193 1267 1478 1573 1590
189 236 318 320 347 362 436 497 632 649 652 698 737 844 865 1038 1049 1149 1173 1246 1394 1395
56 107 201 219 306 386 399 411 529 578 637 673 787 952 1033 1062 1129 1189 1440 1441 1450 1503 1514 1540
98 113 218 311 313 321 394 464 507 627 640 990 1048 1171 1224 1232 1316 1321 1332 1480 1490 1557
73 126 194 220 249 256 266 281 355 619 674 791 822 868 870 890 898 1141 1203 1359 1541
265 274 396 401 414 418 424 567 644 895 900 973 992 1109 1187 1313 1315 1354 1489
41 335 341 371 438 544 672 684 766 932 1110 1116 1272 1295 1306 1326 1353 1378 1405 1516 1555
15 87 90 103 150 213 245 292 316 461 537 660 686 818 1002 1021 1052 1137 1260 1278 1279 1425 1431 1504 1515
26 132 223 260 289 345 408 421 458 610 738 935 948 959 1011 1115 1127 1228 1268 1288 1305 1535 1579
118 125 127 180 192 210 282 348 395 459 643 731 856 905 954 1027 1056 1192 1212 1453 1534
