57 107 173 210 263 264 287 355 489 749 773 849 864 955 1021 1038 1073 1092 1100 1104 1111 1122 1229 1312 1359 1504 1521 1565
185 236 276 289 374 496 521 554 564 581 594 770 882 892 1004 1005 1013 1204 1214 1234 1246 1428 1473 1493 1571 1591
234 308 322 440 495 542 544 764 774 790 795 829 893 1039 1093 1098 1177 1181 1233 1350
117 139 288 321 332 404 444 476 595 606 623 641 664 805 883 990 1130 1235 1277 1348 1362 1437 1600
47 53 154 361 368 411 471 473 555 611 624 650 658 670 690 696 781 814 894 895 1129 1174 1219 1463 1486 1566
18 19 20 85 91 95 108 125 194 237 246 366 389 530 549 590 640 642 674 711 714 715 783 839 866 916 983 1062 1074 1095 1148 1166 1200 1215 1271 1292 1325 1399 1407 1416 1440 1525
75 171 178 203 309 402 448 463 514 536 562 752 933 943 1044 1112 1118 1153 1211 1248 1281 1301 1381 1424 1541 1543
21 28 163 183 279 290 385 601 615 628 729 834 1022 1146 1223 1309 1434 1459 1515 1562 1593 1597
155 170 405 456 570 571 704 727 794 982 1066 1069 1075 1152 1221 1253 1298 1375 1386 1390 1429 1446 1470
2 110 112 136 257 303 310 479 535 551 819 828 830 867 870 871 946 1010 1330 1420 1432 1483 1490 1497 1537 1575
4 164 180 258 380 393 395 400 431 457 527 585 612 616 875 981 987 988 1012 1014 1026 1077 1331 1451 1539
10 72 151 187 345 363 455 497 980 1001 1007 1057 1149 1247 1254 1283 1293 1323 1496 1500
61 206 250 342 356 369 468 500 506 525 718 772 902 1097 1141 1201 1241 1245 1307 1333 1358 1368 1393 1476
50 168 184 192 273 325 351 354 586 648 673 683 748 758 787 796 855 939 1016 1081 1239 1422 1458 1466 1477 1491
5 27 60 87 205 227 267 434 597 608 620 996 1103 1164 1175 1296 1310 1339 1351 1402 1438 1506 1564
55 83 96 238 243 261 334 372 567 824 884 900 1132 1151 1202 1289 1344 1401 1430 1455 1457 1505 1586
33 46 294 485 488 516 519 556 659 662 665 682 687 784 928 942 997 1031 1068 1116 1136 1178 1383 1403 1436 1540 1555
25 32 45 68 76 90 162 197 214 274 373 449 465 582 604 645 661 663 742 747 799 812 838 845 847 872 905 924 952 992 1063 1194 1278 1286 1300 1308 1347 1394 1452 1460 1487 1507 1513 1548
16 43 148 215 217 270 278 328 338 442 502 775 815 874 968 1090 1150 1257 1320 1341 1435 1527 1582 1589
160 228 253 377 478 482 484 507 728 816 876 922 1008 1037 1045 1113 1230 1258 1295 1445 1453 1536 1598
