8 56 63 89 98 113 125 127 150 173 202 210 218 256 263 271 292 335 401 424
5 6 7 11 28 78 185 191 212 220 264 276 283 289 326 336 346 368 376 384 387 396 415 423 431
17 29 36 57 142 156 181 223 233 234 237 252 269 275 287 332 364 400 417
14 22 61 91 139 148 159 225 250 255 285 288 300 305 316 321 327 339 367 371 375 379 386 388 394 397 403 416 425
19 42 53 55 66 77 86 146 167 168 199 205 232 246 260 298 304 323 329 337 340 358 360 405
44 47 49 84 85 128 130 183 221 235 240 244 257 266 273 277 293 308 317 404 426
39 71 72 76 93 111 172 178 182 211 213 222 284 286 295 310 330 402 410 422
26 48 70 90 99 108 123 134 135 175 186 207 254 279 347 350 377 398 399 446
1 21 27 52 54 74 94 102 133 170 174 179 197 200 203 204 214 245 333 361 381 391
2 62 65 97 121 132 149 151 158 184 201 206 219 226 231 243 248 303 314 322 342 359 383
16 20 23 31 59 79 87 103 107 124 140 141 180 193 195 258 318 352 380 395 407
10 13 33 105 115 126 171 187 189 194 217 229 312 320 334 343 344 345 353 362 363 366 372 392 408 412 420 432 433
3 25 34 75 92 101 114 161 198 209 242 282 299 306 349 356 357 369 382 411 421 444
4 18 32 45 60 100 104 120 122 136 138 162 196 272 311 313 328 331 378 409 451
12 68 73 95 110 119 131 143 190 227 247 249 259 267 280 281 291 319 354 370
50 82 83 88 96 106 163 177 208 238 261 265 274 297 309 355 406 414 418
9 41 46 80 81 129 144 145 153 157 164 165 239 262 307 315 341 351 419
24 30 35 37 40 67 147 152 166 169 216 224 296 302 325 348 373 374 389 390 393 437
15 43 58 69 109 137 215 236 241 251 268 270 294 301 338 365 385 413 429 442
38 51 64 112 116 117 118 154 155 160 176 188 192 228 230 253 278 290 324 478
