23 63 173 245 271 335 371 689 698 730 745 813 822 849 867 1021 1027 1058 1116 1192 1203 1279 1427 1484 1504
11 152 161 177 185 203 267 318 368 372 374 399 447 454 610 634 663 829 918 1048 1340 1366 1391 1473 1489 1545 1560 1570
37 74 142 223 287 438 475 481 493 504 596 734 737 764 776 832 926 1177 1185 1220 1236 1346 1404 1411 1568
6 231 250 313 321 445 523 626 686 702 713 715 847 856 889 920 1038 1128 1264 1265 1310 1337 1347 1465 1496 1546
5 18 19 34 145 158 167 179 320 346 351 431 436 567 628 691 814 826 870 890 904 967 975 1018 1178 1284 1479 1487 1566 1575 1593
54 130 221 257 273 426 457 498 601 828 835 861 1071 1120 1140 1170 1253 1355 1470 1471 1525 1588 1592
20 99 120 138 166 200 210 244 269 310 358 391 400 463 495 515 551 552 570 571 617 646 670 678 690 694 740 868 873 942 1014 1064 1107 1135 1186 1281 1365 1388 1414 1423 1424 1448 1469
80 135 174 183 202 265 340 376 393 446 561 599 643 688 758 765 984 1055 1066 1100 1200 1222 1237 1296 1302 1395 1436 1561
21 102 133 134 170 381 714 727 728 729 753 794 891 1041 1051 1072 1151 1152 1195 1383 1413 1445 1446 1502
2 26 68 83 141 240 248 312 334 390 673 742 823 850 852 912 1069 1078 1079 1154 1210 1251 1291 1392 1437 1538
144 193 207 228 367 395 486 527 583 585 592 625 676 830 919 970 987 994 1061 1081 1115 1230 1261 1290 1331 1362
97 115 119 155 258 277 315 338 347 362 434 476 497 632 902 961 971 1008 1023 1039 1159 1163 1246 1247 1271 1452 1500 1528
92 114 219 465 468 579 600 718 790 793 818 855 864 953 1009 1241 1275 1358 1374 1450 1480 1540 1573 1584
32 73 111 113 328 331 505 635 647 648 843 859 883 906 947 1133 1171 1174 1306 1320 1376 1457 1537
95 109 194 414 478 559 597 612 620 756 1103 1141 1153 1191 1297 1317 1325 1401 1529 1541 1564
13 165 355 384 604 695 801 892 1012 1045 1050 1076 1138 1143 1202 1276 1315 1386 1460 1492 1555 1586
9 93 140 153 157 164 301 517 519 682 692 803 946 997 1007 1019 1029 1068 1323 1329 1353 1372 1405
60 101 190 198 224 234 292 296 305 409 483 537 540 572 624 638 805 807 810 876 1122 1144 1308 1420 1517 1522
10 58 241 276 365 385 444 591 754 798 885 930 948 955 968 1034 1090 1173 1188 1272 1286 1295 1304 1527 1552
125 127 151 160 230 408 590 705 719 750 816 817 871 894 908 964 1006 1056 1093 1156 1233 1418 1494 1536 1567 1596
