27 189 199
12 16 26 37 57 83 91 93 96 109 111 137 139 164 165 174
14 38 94 104 129 140
9 85 191 192
34 43 69 99 110 123 141 158 162
2 4 103 108 135 146 160 182
32 51 92 102 114 144 147
61 101 134 156 170 197
33 52 89 116 121 126 142 177
6 7 20 54 74 81 98 124 132 185 187
46 82 90 112 120
21 45 47 78 80 100 145 163 184
15 64 70 88 117 118 161
10 48 55 60 97 115 133 168 173 196
40 62 75 95 130 166
79 84 127 175 188
18 23 35 65 68 87 136 152 176 178
1 25 41 67 106 119 151 157 171
44 53 76 105 128 148
5 28 49 50 143 180
