46 47 73 77 104 107 200
31 91 98 106 110 168
30 40 53 97 131 140 197 198
57 68 92 120 143 145 155
7 14 32 60 82 90 116 139
12 17 18 84 96 103 125 146 180 183
24 25 26 61 70 87 153
3 50 64 151 170 192
2 79 81 172 179 181 182
39 51 62 112 164
43 78 86 126 144 178
8 42 71 127 158 160 173 189
27 37 49 76 113 124 129 132
63 100 122 138 149 157
41 48 55 59 99 163
9 45 72 80 83 101 108 142 147 175
11 28 44 58 121 161 162 171
10 23 102 169
94 114 174 185 187
13 15 16 20 36 52 66 67 69 74 105 117 130 136 154 156 165 186 190
