13 80 98 168 180 182
22 27 77 87 100 134 137
15 17 38 53 73 93 114 120 126 132
11 35 64 69 133 174 192
59 61 82 89 96 107 123 190 200
4 5 14 54 55 103 148 160
12 63 68 101 106 177
31 83 115 140
102 135 138 143 144 150 158 189
2 30 42 60 72 92 127 172 197 199
33 47 65 136 186
9 104 147 162 170 185 195
66 70 74 95 108 154 163 179 191 193
20 24 86 116 117 131 151
25 26 62 125 130 146 159 161 167 198
19 29 34 48 49 56 85 94 105 124
21 41 58 67 153 156 157
46 52 81 84 109 121 139 183
37 75 76 91 142
3 99 112 169
