1 39 113 119 146 199 212 236 353 355 365 392
29 46 121 168 272 277 327 391 393
105 118 134 259 270 306 346 382
72 95 141 151 182 290 343 356 357
11 110 157 170 179 227 298 312 347
8 16 83 144 235 257 300 342
115 122 127 193 200 242 247 273 284 297
14 15 23 197 210 330 360 383 395
60 159 165 167 192 221 239 245 322 325 334 374
13 36 156 164 171 271 324 348 369
66 70 81 296 314 321 352
26 91 140 150 228 254 302
30 40 126 142 155 158 196 208 218 258 293 332 339 371
21 131 133 152 226 240 264
19 41 47 59 128 187 388
2 10 65 68 84 109 161 205 233 266 303 310 317 370
4 27 103 125 136 173 206 215 225 237 337 341 379 381
64 67 169 175 214 256 269 309
7 50 54 111 117 124 243 253 285 295 363 397
5 12 20 55 106 195 222 238 305 387
