280 263 213
274 209 59 277 158 49
63 173 113 371 56 98
289 194 121 318 288 90
396 354 307 369 321
126 352 154 341 222 211 345 72 334 71 13 378
271 127 91 180 93 114 377
189 386 163 383 388
89 287 6 57 41 187
201 119 219 347 15 192 394 208
281 306 298 23 275 270
150 210 107 26 249 176 53
255 265 159 285 326
380 264 103 240 146 182
356 314 348 118 86 223 19
35 218 237 362 320 260 100 164 153
286 199 202 245 220 355 83
256 73 311 236 87 8 200 70 315
125 94 292 231 313 266 373 225
335 375 395 282 399 96 316 132 66 353
