8 19 71 94 164 183 191 201 220 227 243 307 337 392 397
11 77 122 160 194 215 221 228 238 240 260 281 285 292 334 360
23 63 119 151 189 257 264 276 296 311
20 24 67 75 95 357 393
153 223 226 319 369 372 373 376 382 384
48 97 117 123 140 180 217 235 291 294 398
21 102 113 126 138 174 175 213 267 368 375 379
30 57 133 185 188 241 242 258 293 299 350
1 9 28 60 165 253 262 274 287 300 386
42 58 68 84 86 163 222 272 273 280 352
81 85 137 196 211 212 230 259 282 327 367
2 66 162 187 268 286 313 322 385 400
93 166 193 198 284 288 339 366 374
54 92 104 124 145 155 265 270 297 370
29 76 82 130 146 169 190 214 248 321 326 353
22 99 110 251 252 261 295 302 323 341 394
36 52 83 106 168 178 269 329 345 365 381 396
4 32 61 64 91 121 134 236 247 301 304 306 377
13 25 50 55 108 129 156 171 218 317
15 18 49 62 79 100 111 116 141 144 200 207 216 219 231 232 318 328 330 348
