71 72 94 183 264 287 298 348
22 24 34 151 187 238 302 366 398
51 98 100 130 256 363 383
70 97 139 189 210 260 289 290 334 354 361
17 28 65 126 160 172 211 249 269 395
31 39 54 79 157 271 283 317 382
85 92 191 310 338 344
158 333 351 360 370 386
49 62 129 136 144 193 223 345
38 48 66 87 95 110 115 131 192 198 311
50 127 143 170 173 314 318 340 394
5 138 150 163 165 229 234
145 181 218 231 265 300 342 369 393
33 44 61 83 109 120 124 164 169 252 353 355 376
47 104 185 186 235 278 332 381
64 221 227 261 272 275 277 297 307 315 328 362
13 36 68 99 128 155 168 190 207 245 322 339
43 73 76 153 166 180 232 244 341
9 12 42 57 75 117 146 194 199 243 246 263 270 284 293 299 316 320 324 358 365 387 399
15 106 208 267 276 305 349 373
