113 126 153 170 186 209 219 245 318
18 138 210 287 312 349 366
51 59 108 215 248 258 391 393
20 26 72 121 131 280 357 373
8 35 86 110 118 135 184 190 247 259 283 315
31 114 144 147 257 317 384
2 5 79 82 90 282 299 381
14 46 99 128 167 206 216 241 279
29 65 89 122 152 155 159 182 327 342 345 372 400
95 252 260 334 350 369 389
4 40 41 100 157 273 285 341 364 367 394
24 84 162 175 211 232 353 368 398
33 74 255 267 288 322 339
55 96 124 141 207 265 297 307 356
19 32 139 165 200 244 300 329
16 85 158 161 197 230 239 251 330 338 365
69 136 172 174 225 253 276 311
73 193 208 212 224 228 236 316 360
125 164 187 188 231 374
36 78 109 112 117 129 217 301 378 387
