213 263 280
49 59 158 209 274 277
56 63 98 113 173 371
90 121 194 288 289 318
307 321 354 369 396
13 71 72 126 154 211 222 334 341 345 352 378
91 93 114 127 180 271 377
163 189 383 386 388
6 41 57 89 187 287
15 119 192 201 208 219 347 394
23 270 275 281 298 306
26 53 107 150 176 210 249
159 255 265 285 326
103 146 182 240 264 380
19 86 118 223 314 348 356
35 100 153 164 218 237 260 320 362
83 199 202 220 245 286 355
8 70 73 87 200 236 256 311 315
94 125 225 231 266 292 313 373
66 96 132 282 316 335 353 375 395 399
