96 112 126 200 210 219 264 299 311 320
19 24 52 75 88 173 179 213 281 330 353 361 371 374 377
68 71 82 87 118 147 149 167 201 220 248 259 282 285 393
12 49 119 203 241 284 315 343 344 379
34 78 106 111 133 170 276
54 83 138 160 188 199 212 256 257 363
3 8 205 232 273 278
85 140 156 185 221 258 267 307 349 388 394
17 234 269 287 347
30 38 97 178 227 250
16 26 44 81 93 154 176 195 204 222 237 302 345
25 105 268 293
27 50 70 90 117 190 260 297 303 383 387
45 48 76 99 169 192 230 292 384
20 47 55 56 115 238 294 295 332 339 370 382
35 64 193 197 218 319 391
53 136 186 225 301 360 368
7 13 67 175 183 236 270 316 317
14 101 104 146 206 226 231 242 274 289 296 306 313 337 351 380
2 36 163 191 196 223 251 334 336 358
