201 263 280
26 66 158 209 274 277
63 93 98 173 315 371
90 121 194 288 289 321
219 354 369 373 396
8 72 126 154 211 222 260 334 341 345 352 378
70 91 114 127 180 271 318
189 383 386 388 394
13 49 57 83 107 287
15 89 118 163 192 237 347 377
23 270 275 281 298 306
100 113 150 176 210 249 256
87 159 225 265 285
19 35 146 164 264 380
73 187 208 223 314 348 356
6 41 59 103 200 218 320 353 362
56 199 202 220 245 286 355
71 86 119 153 182 213 236 311 326
94 125 231 255 266 292 307 313
53 96 132 240 282 316 335 375 395 399
