3 10 48 113 263 320 343 348 352 362
34 53 144 151 161 164 247 249 288 296 304 359
44 105 119 150 153 205 223 226 255 293 315 385
68 69 154 172 224 227 278 355
5 110 121 130 211 307 332 382 384
22 97 124 266 294 300
79 92 111 182 184 213 341 353 387
8 70 76 228 333 346 351 383
16 57 74 116 192 204 262 264 284 323 371 375
54 88 93 99 260 324 334
4 186 259 275 297 381 390 400
30 33 107 188 208 216 290 391
41 86 156 168 212 231 250 313 317 367
13 43 202 206 289 322 378 380
83 109 175 215 305 314 361
40 104 145 149 181 207 222 248 272
96 157 214 220 233 253 360 364 366
17 187 195 232 258 270 277 295 326
73 75 125 132 143 254 292 298
14 32 71 133 167 243 283 358 369 372
