47 73 98 120 159 162 201 238 265 298
8 13 44 53 55 66 140 150 152 175 189 248 281 307 311 328 351 354 367 369 372 374 387
15 32 105 134 137 208 219 259 370
67 93 190 192 225 236 261 274 284 291 296
3 116 121 130 142 188 195 198 205 223 246 249 269 276 337 344 397
30 85 124 202 222 287 290 341 358 386
1 7 82 94 111 118 131 231
34 36 45 92 97 135 155 172 226 292 306 324 380 396
9 24 42 107 126 212 243 252 285 293 330 347
81 91 95 139 163 340
4 16 19 40 100 129 132 146 211 278 279 399
70 141 165 316 317 318 321 322 364
22 35 151 161 282 305 313 329 332
11 57 63 99 114 180 207 213 270 277 289 303 308 323 327 335 350 356
128 158 197 216 244 325 357 381 383
106 169 173 251 360 376 398
52 64 104 127 154 168 210 235 256 266 304 371
68 86 101 122 218 228 272 275 300
14 65 102 117 125 171 253 288 297 315
17 18 25 28 71 76 96 206 224 260 294 355 378
