12 26 39 179 202 262 287 355 356 371
176 274 299 313 345 368
22 56 65 238 252 276 349 393
70 72 116 167 288 301
5 17 59 115 185 191 206 283
23 35 81 107 120 145 169 199 242 258 311 336 339 378
20 27 82 180 204 315 319
8 60 138 156 216 268 291
10 16 28 105 253 255 296 364
13 53 95 246 260 334 361 396
57 148 166 211 223 385 391 398
101 122 163 232 234 241 353
78 159 196 224 226 231 256 265 342
50 76 92 96 123 124 220 307 310
2 18 29 165 200 285 305 348
51 58 133 158 162 183 194 261 271 308 370 380 395
19 64 74 100 164 269 323 392
63 109 131 155 178 192 212 229 277 298 304 372
49 125 135 182 187 193 207 259 318 329 375 377 387
32 55 114 119 126 208 243 347 382
