32 50 82 85 146 180 183 200 249 265 308 348 388 394
22 38 46 48 80 94 145 153 161 187 335 374
9 27 81 93 96 101 128 129 148 210 282 304 322 334 370
100 114 121 147 224 225 253 314 387 400
37 122 179 216 220 268 287 310 369
31 112 165 294 295 339 365
1 30 64 157 171 199 205 214 227 291 367 371
123 166 182 189 254 352 392
23 43 56 79 107 125 155 156 169 176 204 217 244 333 336 337 354 390
15 29 68 97 103 178 219 222 257 259 264 395
53 117 150 195 228 242 263 305 321 323 351 398
89 229 232 260 307 309 317 368 377 382 386
4 10 14 51 74 133 192 206 230 235 238 241 271 283 318 325 391
44 54 60 226 239 320 326 340
19 84 115 132 144 245 248 270 279 357
16 83 98 138 215 237 297 316
25 26 42 113 160 167 269 293 303 330 383 396
21 35 47 70 76 116 126 149 194 375
106 158 163 211 231 247 343 364
17 69 72 110 111 118 131 135 188 213 272 306 346 372
