3 72 89 159 177 188 218 263 362 424 562 730
86 92 271 340 382 711 713 830 886
59 85 305 359 389 481 500 551 607 767 813
29 109 251 433 488 686 769 793 806 808
23 58 196 242 261 266 301 323 350 377 394 397 413 462 582 602 611 668
16 17 22 52 63 114 145 217 260 290 349 365 437 464 547 716 750 816 832
123 374 463 566 635 679 722 758 761 828 840 876 885
70 163 333 473 571 698 728 746 785 877
31 49 144 187 248 380 401 414 446 475 534 553 579 663 667 678 691 795
28 121 241 299 501 526 546 593 621 880
66 150 155 249 252 265 272 285 341 354 431 552 567 585 634 648 650 714 756 764 824
56 79 215 319 452 541 563 626 838
83 102 105 181 208 276 312 328 383 420 441 490 544 609 655 684
9 11 24 93 179 221 363 372 404 440 540 661 710 805
30 61 90 94 116 184 240 279 366 385 393 399 411 442 453 483 492 603 735 745 789 833 871
39 107 135 212 324 358 361 519 564 604 630 658 762 770 852 867
5 47 112 117 371 376 407 412 458 558 583 600 644 646 653 744 851 860
54 91 201 346 430 610 614 632 638 766 844
108 122 156 226 317 515 561 718 731 775 857 869
15 21 88 167 182 297 360 378 396 502 576 589
134 143 158 166 244 403 556 591 595 701 823
69 97 180 318 352 624 669 755 817 827
36 71 259 269 329 449 474 497 751
35 95 120 133 189 262 268 300 348 531 613 866
82 147 173 288 351 687 725 759 779 818 868
68 170 427 439 487 499 517 615 699 782 882
4 84 153 194 222 223 232 337 423 529 594 597 601 709 732 784 874 898
34 44 53 99 103 176 234 280 375 379 438 455 503 505 511 625 627 654 660 664 810 842 892
46 74 87 128 157 345 457 513 539 608 749 809 819 893
165 274 306 388 409 498 572 666 700 717 736
