76 189 260 311 315 395 401 467 495 586 602 731
52 195 298 527 554 589 726 870
11 146 190 222 286 451 580 620 629 796
1 72 108 263 350 410 489 557 822 842
114 227 337 457 472 512 604 712 793 813 866
50 70 206 209 441 493 509 691 703 797 801 895
160 180 320 642 769 828
96 169 309 330 573 622 652 657 704 852
8 13 66 192 347 431 456 591 633 638 645
106 168 202 208 292 407 486 546 669 728 875 898
39 396 423 471 507 592 671 711 855
78 135 183 244 274 322 426 505 676 835
31 163 262 433 571 679 760 785 792
68 119 171 306 469 543 566 658 777 810
36 92 205 276 373 422 448 621 815 827 858
9 87 185 200 223 341 484 650 764 816
27 55 65 258 394 429 723 831 862 871
38 40 44 62 64 170 191 257 287 290 364 411 449 476 491 503 588 614 672 682 724 739 758 789
14 28 41 226 278 393 753 857 881 891
19 123 181 240 323 361 378 520 732 818 847 877
22 59 122 143 345 453 584 618 749 775 809 838
30 232 259 413 414 587 613 628 817
3 69 179 235 460 497 514 637 874 896
54 104 109 155 204 291 340 483 619 768 794 814
12 116 197 333 521 560 662 757 899
316 480 678 694 737 784 821 848 853
94 157 175 273 297 324 327 536
97 346 442 501 616 641 664 843 868
2 46 165 214 218 243 305 377 523 593
112 212 294 406 425 513 574 597 609 670 709 808 861 894
