280 487 562 590 873
93 209 271 298 467 700 749 773 870
63 89 231 260 311 380 463 522 602 638
35 218 289 401 489 508 546 822 834
13 15 103 211 345 458 537 672 698 705 731
459 569 713 733 737 823 895
6 256 375 539 634 642 730 837
72 96 146 163 164 189 208 245 320 341 567 573 718
192 225 285 313 544 614 643 688 801 882
41 100 121 182 362 421 422 766 827 900
126 154 237 282 388 396 493 507 545
56 236 255 274 288 334 356 610 619
19 220 223 263 277 369 436 438 792 888
86 119 266 543 640 646 829 890
57 150 173 201 439 818
94 202 210 598 644 660 860 863 892
87 287 314 399 429 551 553 578 695
199 286 354 461 538 604 637 738 893
98 153 180 249 347 383 687 898
107 240 264 316 335 418 426 872
113 318 434 444 609 657 724
71 281 355 649 654 686 844 852
306 371 395 408 424 564 791 849 856
73 213 411 558 768 867
8 59 90 265 270 307 521 677 691 887
26 127 132 219 222 352 497 795 798 821
66 91 321 348 495 627 652 777 865
118 194 414 476 632 641 673 787 806 868
125 292 386 394 446 651 684 745 874
158 159 464 529 576 674 774 832
