42 210 273 285 321 348 389 429 566 644 646 704 713 718 746 876
158 198 209 332 527 528 564 580 754 802
37 49 107 133 241 245 275 297 309 314 438 491 559 562 569 573 710 778 803 812 867 880
6 120 316 350 374 410 484 501 529 752 769 872 883 890
80 142 174 458 463 503 604
47 114 361 413 423 441 485 588 600 823
10 192 276 499 548 578 612 717 758 767 799 888
127 134 256 261 521 533 622 667 711 714 878
84 318 339 397 551 624 638 676 766 806 896
28 67 312 593 661 796 900
25 233 386 508 620 734 772 822 860 864
1 7 102 166 268 331 367 656 657 672 835 849
99 121 186 243 286 322 375 380 625 702 756 792 804 827
115 143 213 239 360 379 455 538 659 684 824 831
31 36 45 201 262 440 591 602 699 892
87 116 187 226 266 341 358 391 513 633 660
2 132 138 191 205 221 250 346 388 399 517 693 697 879 899
55 234 353 362 408 537 763 807 829 850 895
180 347 368 376 452 742 898
46 126 129 135 165 178 235 260 310 325 382 424 465 648 687 730 784 791 819 857 882 897
27 103 112 113 128 311 315 460 532 695
35 64 189 281 356 511 525 736 820 848
152 264 471 574 678 686 751 764 774 793
74 137 160 222 225 298 300 373 467 483 623
77 106 130 248 258 352 425 478 635 639 666 725
43 100 156 197 219 337 626 700 703 727 836 863
51 91 288 435 488 544 640 708 826
338 390 395 417 550 570 592 594 632 636 696 783
89 387 409 489 502 543 545 707
29 172 179 223 406 536 541 616 688 739 874
