35 56 63 125 127 150 201 247 268
14 20 34 37 52 228 231
11 83 89 154 169 173 176
72 108 149 197 208 214 218 219 220 225 230 244
38 66 80 81 93 95 217 235
5 22 32 45 50 189
6 26 30 40 62 86 160 222
9 16 27 42 70 85
39 94 129 140 167 171 187 204 207
7 28 67 121 123 144 216 252
21 71 74 128 153 184 196 200 211 215 239
33 60 77 78 98 110 122 124 212 258 263
13 31 48 49 137 163 174 188 251
99 119 138 139 142 143 146 203
57 84 92 117 126 133 156 213 229 241 249
2 8 15 25 29 44 53 232 243
12 55 65 112 131 151 158 181 236
1 134 170 178 179 198 199
41 58 152 155 177 180 185 206 254
19 24 61 107 130 145 245 269
36 79 97 113 132 141 161 221 227 238
23 64 135 162 172 194 237
17 46 51 103 106 115 193 248
3 54 68 73 104 109 118 224 242
59 82 88 102 116 147 202 210 234
10 43 76 90 105 120 209
91 157 164 165 166 175 223 253
4 18 96 101 114 136 148 226 272
47 69 87 100 186 190 191 192 240
75 111 159 168 182 183 195 205 233
