280 487 562 590 873
13 271 352 388 604 640 643 749 773
59 63 89 126 311 362 380 421 463 602
19 72 118 218 256 285 321 558 822
15 210 395 476 522 537 567 672 698 731 738
459 569 713 733 737 823 895
127 263 320 497 539 642 730 837
153 163 236 245 260 341 369 418 438 551 564 573 718
100 182 208 287 288 318 638 688 705 801
264 289 383 422 424 489 546 766 806 900
98 211 237 265 282 396 408 507 545
56 90 189 255 270 274 335 610 619
41 220 225 277 334 375 401 434 436 724
66 86 119 266 543 646 829 890
173 201 355 439 458 495
8 223 399 467 644 660 860 863 870
121 231 313 314 429 508 553 695 834
6 35 154 199 354 461 614 791 893
91 125 180 222 249 347 687 898
93 107 158 298 426 651 818 882
71 113 316 345 444 609 657
240 281 394 649 654 686 844 852
57 73 306 371 827 849 856 874 888
132 194 213 411 768 867
94 96 103 146 307 521 634 677 691 887
26 164 219 493 544 578 700 792 798 821
150 202 348 356 627 637 652 777 865
192 286 414 598 632 641 673 787 832 868
159 292 386 446 684 745 795 872 892
87 209 464 529 538 576 674 774
