89 115 292 320 348 401 465 586 598 604 870 872
52 148 149 162 328 441 523 618 708 747 802 810
49 62 103 169 393 569 631 637 759 785 801 805 866
75 146 157 245 315 354 379 389 405 433 528 775
14 32 41 70 95 100 114 143 195 269 366 527 601 668 685 714 814 826 853
18 65 336 353 361 450 516 595 605 684 691 743 744 808 840
58 180 225 316 375 622 682 864
92 209 249 261 289 337 411 427 460 728 770
132 172 207 317 329 414 425 436 787 817 847
73 204 213 227 248 256 388 397 408 417 438 512 519 542 578 659 719 727 856 880
120 184 191 295 303 323 344 364 395 399 606 613 647 778
198 266 283 396 398 517 715 722 757 782 819 855
57 128 177 214 238 268 291 319 391 452 472 501 503 553 579 610 612 654 712 730 767 794 835 863
51 61 216 325 415 455 588 716 806
150 160 165 284 448 497 561 593 703 769 871
9 208 251 258 341 464 475 505 587 589 623 776 800 851
147 151 158 226 468 590 600 656 701 752 852 862
11 45 123 309 335 549 558 585 640 742 745 833 888 889
38 80 90 173 193 270 363 437 530 556 562 780 869
23 69 130 239 626 675 707 733 740 875
112 324 365 447 491 514 672 687 773 823
3 696 721 731 736 762 839 884
79 133 306 352 462 467 513 607 737 758 771 816 830
22 222 280 318 338 372 451 572 662 676 896 898 900
15 31 117 155 232 299 307 330 340 502 506 584 667 754 795 824 897
197 257 281 334 371 419 564 633 739 799 836
230 267 311 339 351 394 488 495 597 791 883
164 314 374 440 474 535 550 594 711 750 825 832
4 59 87 176 178 187 210 243 392 406 735 893
13 56 125 260 276 382 449 461 568 577 636 726
