98 280 321 445 609 741 856 873
13 54 69 224 382 405 478 581 603 794 809 830 892
62 89 121 136 161 209 256 299 336 342 504 665 700 710 767 780 793
33 75 108 157 199 289 397 406 410 420 491 624
25 105 320 352 447 453 458 611 623 673 825 877
6 96 237 313 326 344 355 425 427 446 471 534 558 564 599 654 659 733 743 763 798 823 852 864 874 888
94 138 160 192 205 392 518 662 769 843
134 189 246 398 430 535 575 576 584 689
31 95 171 174 371 414 687 717 728 785 803 882
72 81 84 131 155 206 264 267 268 295 358 424 454 517 649 719 749 784 861 865
39 133 148 235 324 367 472 580 625 671 802 845 857
22 70 137 153 468 510 541 600 631 667 715 746
65 218 220 273 368 416 438 464 622 778 792 828
415 501 540 573 590 597 645 693 766 858
38 151 327 423 439 557 681 751 806 846 868
45 51 212 236 296 356 369 395 459 533 545 595 613 648 680 702 770 817
41 52 146 226 230 319 323 390 450 568 646 727 788 899
14 55 129 222 512 563 608 638 669 704 735 835
7 203 272 338 530 627 677 709 721 851 859
23 53 78 210 252 297 374 422 496 591 619 637 678 692 759 862
10 27 215 311 421 444 460 615 808 883
107 196 303 322 402 456 607 650 754 762 834 839
20 79 127 259 285 348 408 492 628 730 771 811 890
43 142 145 147 183 381 412 663 812 848
197 244 263 345 385 473 676 757 779 836 838
37 139 191 223 282 307 435 511 513 670 701 804 837
17 36 99 329 359 373 451 467 523 658 695 718 824 854
8 83 114 141 238 437 440 481 626 711 755 831
132 150 178 240 305 432 507 639 813 847 891
2 106 162 180 202 286 310 388 403 465 500 515 542 614 660 789 818
