35 56 129 256 392 395 573 646 660 849
8 287 342 456 527 541 554 581 589 605 647
85 184 289 290 369 487 494 539 620 631 662 702 859
72 167 251 476 552 681 752 769 802
81 95 227 232 346 693 816 842
42 82 186 209 311 316 416 531 600 833 854
26 102 372 435 551 798 815
14 69 571 645 649 711 724 756 790
188 192 374 431 434 457 746 766 775
91 109 141 229 449 450 493 526 698 772 787 828 841
65 74 117 362 454 461 473 528 676 778
60 274 300 304 319 337 356 617 767
38 130 174 225 228 343 347 377 506 689 845
61 169 566 576 634 636 684 765 890
150 161 235 355 726 806 846 880
10 32 202 258 358 509 690 728 819 863 885 894
2 55 149 151 315 339 520 578 830 852
58 387 443 498 505 630 656 696 722 807 840
152 193 408 452 582 891 898
11 17 59 103 198 224 271 295 363 366 422 424 465 486 515 562 607 718 780 850
43 49 143 236 247 326 354 601 730 839 871 883
244 414 421 508 525 538 665 699 731 884
57 144 306 399 561 595 685 751 856
96 104 145 204 208 211 298 373 811
20 122 292 428 502 519 530 560 594 637 691 700 725
76 90 205 237 299 349 468 569 642 837
246 296 309 329 419 479 640 763 813
4 327 396 455 536 606 616 695 805 843 847
125 214 267 481 490 565 734 749 761
113 288 348 410 484 555 563 625 829 878
