5 35 56 63 125 150 201 240 268
14 20 54 148 198 204 216
57 83 89 103 154 169 176
1 24 72 149 163 197 208 214 218 219 230 252
66 80 81 93 95 217 232 238
42 50 52 98 110 221
10 23 26 41 62 86 160 269
16 27 46 70 237 243
8 39 94 129 144 167 171 187 209
13 30 67 121 123 140 166 254
28 40 53 65 71 74 128 153 196 200 227
7 33 60 77 107 114 122 124 182 225 244
31 49 137 174 188 220 235 242 272
11 99 119 138 142 143 146 239
9 84 87 92 117 126 133 156 173 213 229
15 25 38 85 101 212 226 249 258
12 19 48 55 112 158 184 248 253
34 45 134 170 178 179 199
29 58 108 152 155 177 180 185 206
61 130 145 151 203 207 224 236
21 32 78 79 97 113 141 161 192 215
36 64 68 135 162 172 194
3 17 51 69 73 115 127 231
22 104 109 118 193 211 222 228 241
59 82 88 102 116 147 202 210 234
43 76 90 105 120 131 181
2 91 157 164 165 175 189 223
4 6 18 96 106 136 139 247 263
37 44 47 100 132 186 190 191 245
75 111 159 168 183 195 205 233 251
