20 73 86 213 354 356 521 610 619 744
53 54 204 209 327 382 385 444 484 603 605 858
33 63 146 278 289 324 496 559 641 647 664
105 127 328 350 460 506 577 734 886
142 255 458 509 706 802 809 828
78 203 300 322 361 413 443 448 493 540 846 854
18 23 158 246 396 435 547 550 583 646 814 864
117 166 299 353 534 649 667 724
56 129 237 266 407 456 676 725 790 853 882
13 57 83 375 449 515 622 791 825 899
39 133 302 416 471 476 508 551 598 772 801 811
62 122 215 229 274 363 503 505 548 757 818
72 151 236 262 291 459 631 670 699 753 756 794 841
25 167 216 244 257 389 658 890
197 227 284 422 495 591 829 836
15 44 202 314 713 745 758 762 764 778
16 67 303 359 465 466 615 620 650 843
34 51 58 116 171 461 611 720 726 787 795
80 85 126 447 452 621 663 732 788 861 878
162 173 184 442 527 618 653 689 692 742 847 868
128 294 316 369 430 612 643 657 721 898
24 99 193 207 210 243 273 292 305 371 380 394 451 499 538 570 592 599 609 640 666 729 743 785 797 798 830
48 69 115 264 360 497 733 780
35 40 96 170 247 271 362 428 488 639 789 812 839
68 147 176 279 345 400 419 526 530 533 784 831
9 130 181 276 409 480 703 799
60 155 296 366 467 569 613 652 659 683 874
64 65 71 118 136 222 270 304 323 368 450 514 543 565 636 688 751 803 852 900
45 93 113 319 330 357 421 507 593 774 822 867
10 269 338 386 464 589 594 624 782
