280 873 590 562 487
209 271 298 467 773 749 870 93 700
63 89 463 380 311 602 231 260 522 638
35 489 289 401 822 218 834 546 508
458 698 731 103 672 537 15 211 345 13 705
737 459 713 823 895 733 569
539 256 6 375 730 642 837 634
189 567 573 245 163 320 718 341 146 96 72 208 164
285 882 688 643 614 313 801 192 544 225
900 121 766 362 421 422 182 41 827 100
396 237 545 126 388 282 154 507 493
274 619 356 610 255 56 288 236 334
263 792 277 436 369 220 223 19 438 888
543 646 119 890 86 266 829 640
150 173 439 57 201 818
863 644 210 94 202 598 860 660 892
429 287 553 551 314 578 695 399 87
738 286 461 354 199 893 637 604 538
687 898 180 347 383 98 249 153
335 872 418 107 426 264 240 316
657 609 113 318 434 444 724
281 844 649 654 686 852 355 71
849 306 371 856 424 395 408 791 564
411 867 768 213 73 558
677 521 265 887 59 307 691 8 90 270
821 127 497 798 219 26 352 222 132 795
777 865 652 91 495 348 627 321 66
194 632 641 868 118 673 787 414 476 806
125 684 292 386 446 745 394 874 651
674 576 159 464 529 774 158 832
