56 270 281 306 364 479 562 660 851 873
34 48 271 316 526 561 603 854 891
33 247 295 500 548 702 803 805 864
2 9 38 67 80 197 397 488 563 721 802
15 84 142 179 219 249 493 567 681 751 876
22 128 202 206 300 737 750 892
30 102 386 435 481 501 663 797
42 60 61 166 245 309 334 423 577 704
8 123 129 175 230 298 491 648 652 775 795
172 468 579 585 645 661 766 776 861
21 117 340 354 365 507 528 544 594 824
70 152 246 262 345 363 647 649 715 812
46 113 218 235 370 433 622 707 756 778 792 841
29 99 111 118 143 257 337 360 856
63 110 162 193 327 432 495 703 808 858 875
44 85 187 223 422 467 656 688 758
161 194 201 326 378 450 465 634 742 752 794 859 900
45 116 170 286 288 310 387 390 498 674 895
53 137 177 222 369 383 476 717 784 817
24 127 145 240 250 329 574 653 806 814 844 847
10 52 71 122 146 211 338 592 607 701 760 764 819
32 112 239 403 511 550 559 628 654 706 820 878
69 79 259 264 404 424 485 609 768 816
3 28 120 213 215 341 381 509 601 665
7 159 375 385 402 428 430 436 504 595 655 840
98 105 114 167 357 619 770 799 821 825
51 205 242 469 682 696 777 791 833
14 72 106 124 138 304 536 584 616
87 225 434 462 490 629 684 735 838
321 446 484 541 568 589 637 748
