31 106 113 213 265 411 444 521 646 684 898
186 352 363 581 589 603 618 870 879 881
4 21 154 184 317 451 487 500 803
108 232 261 262 316 319 383 489 499 516 793 828 858
73 81 346 354 370 376 421 542 599 698
32 129 170 209 237 250 256 417 555 647 714 810
10 112 118 278 320 514 530 539 565 756 818 869
16 76 82 147 251 360 398 567 645 724 811
27 125 132 167 228 676 719 766
30 33 121 248 438 440 469 474 477 526 575 577 710 736
65 128 139 200 282 391 420 454 505 782
61 70 223 238 473 596 626 667 799 876
5 163 272 294 328 464 535 586 792 798
6 19 50 86 101 133 284 296 301 311 331 334 365 372 460 484 592 672 674 757 791 794 815 819 830 841
11 162 199 205 221 414 435 476 591 725 871 886
25 53 59 219 310 644 776 808 885 890
38 62 74 84 138 160 245 291 325 527 534 627 707 720 742 809 824 899
15 58 63 116 137 198 224 275 288 293 465 651
144 177 214 402 452 471 571 727 763 877
239 259 279 290 378 415 605 705 729 739
127 277 318 323 403 587 616 638 643 846
217 276 303 321 380 498 532 623 673 731 833
79 187 353 407 574 624 635 641 883 889 896
49 64 300 313 333 494 531 678 851 880
18 102 175 195 424 449 504 598 658 873
130 180 254 349 422 553 640 700 804 842
104 153 165 191 236 401 430 784 806 820 897
54 194 235 386 522 579 632 750 764 847 878
36 46 218 229 267 274 336 384 490 507 551 630 745 759 771
159 426 541 670 741 774 801 823 826 854
