218 280 590 873 1064 1434
369 882 890 985 1005 1007 1389 1428 1505 1512 1546
6 57 63 96 576 774 849 893 986 1106
132 159 285 289 444 641 920 1127 1189 1282
154 298 691 852 895 992 1015 1030 1302 1418 1488
107 223 240 266 277 288 426 434 1154 1590
213 399 495 806 865 910 1424 1426 1450 1495 1534
87 209 355 424 446 529 619 646 792 908 1010 1565
94 436 467 598 787 1146 1245 1356 1390 1395 1518
121 260 314 429 551 553 798 867 945 1188 1382
59 180 380 573 821 863 1124 1137 1252 1478
189 236 320 642 649 652 874 1038 1149 1173 1353 1440
386 411 578 1049 1062 1098 1100 1278 1441 1514
41 464 604 766 1048 1232 1332 1480 1557
220 256 837 898 937 1203 1242 1359 1405
93 200 265 274 318 396 900 973 1489
146 335 459 672 1031 1260 1272 1295 1378 1516
35 119 150 222 286 544 686 829 1270 1279 1431
422 458 539 610 940 1004 1228 1305 1421 1579
125 127 158 182 292 395 913 1027 1192 1212 1453
8 91 103 271 627 698 749 959 1011 1185
126 383 394 439 522 952 1315 1483 1592
53 354 677 738 1016 1086 1141 1303 1572
255 264 311 497 569 687 932 1171 1457 1540 1541
56 86 194 461 543 724 745 990 1158 1193 1354
263 356 538 637 644 654 673 1261 1306
89 316 537 545 640 718 993 1059 1224 1326 1392 1594
73 176 201 210 306 438 602 1187 1288 1543
219 507 614 695 733 801 1058 1129 1266 1427 1535
98 287 408 643 684 1056 1088 1268 1504
66 202 237 421 476 822 934 1109 1198 1321 1561 1593
15 19 192 231 249 313 341 562 657 823 970 1021
26 163 173 348 773 887 935 948 1285 1312 1573
211 307 371 414 674 688 860 872 1183 1267
199 418 463 521 632 660 730 1178 1367 1406
281 282 489 731 768 1206 1319 1461
245 362 567 609 713 737 818 868 870 1556
118 347 401 558 844 856 905 929 1220 1551
321 375 777 914 954 1116 1246 1316 1503 1555
113 352 388 791 1052 1104 1115 1394 1454 1502 1521
