29 173 386 419 473 483 515 766 830 932 952 1019 1086 1089 1132 1183 1302 1406 1448 1450 1482
102 151 369 553 880 882 890 1181 1214 1506 1510 1586
37 269 434 453 596 621 627 690 724 780 796 1073 1563
148 161 285 329 371 372 414 456 610 691 846 1000 1209 1489 1545
190 197 199 253 409 422 618 646 681 987 1254 1310 1420
47 85 184 244 343 359 364 445 462 698 799 1140 1290 1320 1347 1454 1551
31 46 257 307 383 498 527 536 555 838 849 877 1061 1463 1557
40 175 399 593 599 655 1074 1390 1395 1593
74 127 258 358 485 712 714 1066 1077 1301 1350 1519 1590
58 67 798 945 1034 1251 1444 1452 1467 1511 1553 1569
62 141 348 377 538 602 707 761 866 881 1016 1109 1161 1258 1404
243 347 432 652 733 759 800 825 857 1191 1250 1283 1323 1380
162 229 465 855 869 971 1082 1129 1201 1268 1275 1358 1393
149 204 321 338 470 817 1065 1224 1262 1317 1324 1491 1502 1536 1579
280 324 580 620 758 811 816 936 969 1042 1091 1273 1384 1402 1443 1529
20 237 282 397 402 558 568 595 603 619 664 686 797 913 949 994 1024 1289 1462 1516 1532
145 682 794 1031 1116 1170 1188 1434 1460 1525
39 172 224 537 577 613 747 813 995 1105
43 137 385 756 763 904 1011 1142 1440 1566
118 154 176 201 230 495 671 876 878 894 934 1319 1416 1556
271 398 563 772 959 1072 1185 1196 1228 1256 1333 1348 1512
132 215 488 519 560 667 809 814 1098 1431 1507 1580
82 354 677 928 1103 1178 1272 1306 1356 1414
123 255 542 705 774 930 1184 1378 1421 1483
65 138 157 382 543 722 792 856 892 1050 1162 1198 1471
209 245 283 540 654 675 807 943 1004 1040 1297 1455 1518
14 545 795 924 1008 1058 1120 1376 1470 1494 1521 1549
32 187 292 592 622 679 680 742 1167 1365 1505
426 624 787 842 899 942 962 1148 1166 1389 1413 1531 1595
11 203 330 361 370 963 1047 1088 1163 1194 1223 1328 1403
242 357 430 728 833 921 1039 1087 1204 1355 1361 1599
156 458 477 885 951 1119 1133 1229 1464 1527 1537
431 437 611 638 645 736 919 970 985 1156 1524
126 438 443 531 614 623 634 692 699 702 745 832 1075 1155
174 225 340 376 457 480 505 506 567 1165 1541
259 353 501 554 630 632 656 841 981 1265 1296 1425 1458
7 48 406 871 1001 1097 1128 1277 1424 1588
170 326 392 594 662 718 790 898 908 982 1372 1526 1555
106 142 160 247 351 897 966 1036 1041 1044 1248 1578
23 219 275 288 389 407 776 1099 1207 1266 1353 1533
