199 218 280 873 1064 1228
355 544 801 882 890 1005 1353 1389 1428 1505 1546
57 89 287 610 774 849 914 1098 1198 1421
289 573 640 641 990 1015 1106 1189 1282 1395
66 146 154 209 421 476 691 856 992 1302 1488
107 256 277 311 426 434 522 1154 1502 1594
93 211 213 249 265 489 495 823 865 910 1534
59 163 222 529 619 643 895 908 1266 1495 1543 1565
53 94 436 467 598 1146 1356 1390 1450 1457 1518
314 399 418 553 590 684 733 798 867 913 1382
26 288 380 821 863 1124 1127 1260 1478 1557
41 182 192 236 237 266 292 298 642 649 1038 1149
6 282 354 369 386 444 578 1030 1049 1514
200 255 766 920 1016 1048 1232 1332 1480
126 220 688 837 898 937 1203 1242 1359
274 318 396 900 970 973 1245 1354 1489
159 459 672 1031 1137 1188 1272 1295 1453 1516
150 286 438 537 674 686 893 1100 1270 1279 1431
35 202 260 320 439 539 844 940 1004 1579
127 158 180 210 395 724 1027 1192 1212 1319 1512
103 271 646 698 749 874 959 1007 1185 1440
132 189 223 952 1062 1173 1315 1483 1592
383 576 677 738 852 1086 1141 1303 1572
91 96 264 458 632 687 1171 1378 1418 1540 1541
56 194 461 543 627 644 745 818 948 1158 1193
263 321 356 551 637 654 791 1052 1306
73 87 118 240 545 718 787 932 1059 1252 1326 1392
306 538 602 604 660 673 993 1187 1288 1405
352 408 464 614 652 695 929 1058 1427 1535 1590
19 98 176 1056 1088 1178 1434 1504 1593
119 125 307 313 424 562 657 934 945 1321 1561 1573
15 201 285 316 335 414 569 806 986 1011 1021 1261
348 507 521 773 792 887 935 985 1109 1285 1312
371 394 411 463 860 872 1010 1183 1267 1305
231 341 429 567 730 829 1268 1367 1406 1441
113 173 281 731 768 1206 1424 1461
8 245 362 609 713 737 868 870 1426 1556
86 121 347 401 422 822 905 1115 1220 1551
375 777 954 1116 1129 1246 1278 1316 1503 1555
63 219 388 446 497 558 1104 1224 1394 1454 1521
