57 210 236 264 543 757 771 849 970 1282 1285 1529 1556
1 28 49 151 564 717 765 890 1005 1378 1513 1586
6 24 159 296 364 438 454 493 596 792 927 1411
90 255 450 496 516 623 634 1393 1542 1570
66 154 205 298 346 559 624 696 1085 1236 1271 1488
44 107 208 221 240 715 1399 1479 1508 1597
295 312 370 500 848 931 933 1044 1067 1359 1429 1569
252 266 310 351 621 889 1040 1043 1180 1265 1470 1557
132 179 258 360 436 724 902 919 926 947 1062 1167 1432
184 353 551 723 851 888 1227 1343 1361
51 354 573 646 726 733 940 1077 1161 1396 1526 1578
43 192 239 432 497 613 708 758 945 1009 1072 1135 1169 1231 1335
22 55 145 411 529 578 584 795 882 1189 1241 1337 1368 1441
4 50 507 522 881 1304 1333 1497 1507 1538
249 520 678 742 806 845 1314 1327 1370 1382 1555
318 327 494 961 1045 1119 1174 1216 1261 1300 1325
369 371 541 583 668 804 907 922 957 1029 1097 1110 1460
39 339 638 686 799 895 899 969 1148 1347 1522
58 123 130 190 458 514 631 935 955 1131 1531
300 301 357 607 856 1057 1093 1157 1192 1293 1371
21 271 330 333 492 649 698 744 824 847 860 1146 1184 1348 1499
72 218 243 289 304 588 602 753 793 813 952 1173 1239 1433 1444
78 156 372 430 484 554 650 770 1118 1286 1338
25 172 565 569 796 891 951 1025 1086 1102 1206 1220 1302 1468
36 227 363 591 608 647 681 743 784 1122 1266 1530
120 356 460 509 616 637 807 920 1195 1204
149 175 332 533 747 1059 1255 1376 1377 1463 1536
337 486 515 673 718 722 873 1094 1295 1351 1408
171 268 321 366 406 581 732 857 942 1402 1483
11 408 455 474 589 629 790 996 1047 1078 1099 1457 1476 1504 1541
108 237 282 735 1041 1210 1252 1415
111 206 269 355 477 829 831 1074 1205 1228 1260 1481
92 173 229 441 594 603 651 687 875 998 1080 1209 1262 1362 1417 1489
38 418 465 552 555 575 728 872 1308 1493
88 225 365 504 632 700 738 767 1056 1123 1165 1336 1496
101 112 447 489 704 805 832 990 1297 1442 1539
27 260 324 426 597 609 741 979 1139 1211 1344 1425
47 214 278 382 386 398 982 1054 1331
42 373 549 586 710 1071 1109 1137 1222 1232 1273 1386 1419 1437 1486 1506
113 352 407 468 839 1115 1207 1224 1373 1533
