64 245 264 311 318 551 674 677 684 777 843 867 937
47 400 521 578 580 663 723 813 827 989 1067 1168 1383 1436
453 574 592 746 761 923 927 1144 1291 1302 1516 1599
90 450 487 576 595 920 1242 1263 1298 1316 1414
52 81 88 149 218 346 357 446 513 614 814 899 942 1028 1081 1143 1456 1575 1587
183 268 329 412 615 646 926 976 1324 1362 1365 1410 1457 1463
130 211 257 286 343 562 689 1094 1112 1132 1281 1543 1558
51 196 202 221 586 593 637 865 935 1159 1288 1346 1373 1378 1515
34 102 570 744 753 770 910 1062 1241 1508 1548
191 509 514 541 557 742 1063 1070 1078 1099 1178
11 114 144 195 229 291 500 527 538 712 963 1142 1255
347 432 464 497 877 1023 1061 1173 1231 1271 1293 1394 1568
161 465 525 648 864 971 1105 1393 1467 1553 1554
136 155 190 204 215 421 475 502 530 537 688 709 895 1003 1009 1148 1174 1219 1220 1260 1329 1348 1386 1523 1537
31 46 112 355 414 471 597 731 1100 1189 1195 1292 1379
22 25 491 507 518 553 824 1024 1245 1264 1269 1300 1402
41 93 146 165 193 361 495 909 934 997 1295
35 67 119 147 888 1085 1397 1433 1475
43 58 87 181 223 391 452 532 763 1021 1162 1502 1579
27 37 118 338 786 878 913 998 1126 1229 1249 1501 1596
15 48 506 563 667 839 977 988 1106 1146 1221 1498 1538
141 189 342 374 377 496 516 672 721 1020 1057 1079 1389 1419 1598
13 17 75 177 246 484 508 861 914 1007 1031 1118 1163 1197
274 405 556 600 604 687 782 870 1025 1075 1155 1363 1581
158 626 745 757 875 892 1222 1461 1524
8 57 449 460 679 694 808 904 949 1227 1529 1580
29 160 382 454 533 769 804 897 973 1286 1301 1510
145 187 643 680 718 802 1032 1181 1308 1465
406 440 717 735 1058 1256 1350 1376 1391 1396 1473 1551 1578
12 167 263 280 312 315 316 319 552 568 692 705 708 736 1252 1426 1487
125 153 305 349 399 579 747 1037 1059 1299 1561
179 425 625 793 919 968 1011 1101 1119 1154 1398
186 309 395 468 510 612 1130 1204 1270 1304 1321 1338
124 126 333 345 778 885 1123 1275 1374 1452 1469
61 157 199 389 437 517 613 715 1340 1360 1406 1462
116 117 639 725 805 832 868 887 1334 1512
78 303 393 547 640 647 713 958 1278 1283 1312 1359 1403
16 226 419 505 765 881 894 950 1087 1169 1289 1331 1407
68 73 82 85 123 154 404 545 581 711 764 837 841 975 1076 1115 1206 1225 1253 1345 1450 1500
247 344 444 543 671 781 898 943 991 1052 1128 1248
