395 446 464 476 791 864 867 934 982 992 1021 1047 1223 1240 1389 1414 1432 1487 1526 1547
92 105 121 219 352 477 687 813 827 890 1082 1125 1265 1341 1400 1501
30 58 89 362 430 504 564 574 716 1282 1322 1384
288 309 372 533 552 573 610 665 1275 1308 1310 1422 1583
63 124 199 209 259 298 394 513 722 852 1214 1333 1372 1439 1537
1 22 107 254 384 393 679 685 892 1120 1126 1164 1202 1423 1466 1584
93 232 237 307 310 562 778 803 918 976 997 1281 1346 1462
80 240 312 377 621 646 770 956 1000 1033 1229 1266 1573
24 62 258 321 436 493 615 708 1153 1218 1340 1519 1544 1570
5 230 385 821 898 1077 1099 1154 1289 1437 1522 1530
291 426 428 452 483 672 826 832 1028 1127 1233 1258 1318 1369 1371 1390 1460 1550
275 319 320 389 410 599 658 676 735 751 799 914 930 952 980 995 1272 1302 1363 1539 1557
141 250 279 342 369 529 706 859 979 1474 1476
9 32 71 198 662 958 1201 1232 1412 1497
346 376 520 668 731 1059 1078 1257 1327 1394 1442 1518
88 191 507 656 991 1017 1055 1270 1274 1321 1352 1505 1560
157 189 294 326 345 390 809 1038 1072 1137 1529 1575
128 131 339 495 624 737 785 1030 1219 1469 1571 1586
96 120 150 217 290 304 554 569 779 847 884 933 1006 1016 1079 1094 1144 1174 1237 1288 1356 1453 1532
51 127 245 607 998 1070 1093 1162 1184 1445 1523 1533
38 41 50 68 277 318 350 509 627 771 913 1015 1086 1500
2 13 21 26 43 247 325 397 499 517 519 638 643 694 705 707 906 1160 1207 1375 1470
42 60 146 149 162 266 811 1113 1224 1243 1296 1418 1468
37 144 227 337 402 405 571 657 768 870 891 1188 1360 1409
202 315 327 386 448 686 715 824 1023 1132 1208 1263 1264 1465
169 197 391 496 502 528 537 545 637 693 840 1297 1454 1495
153 276 335 597 907 924 955 1256 1441 1458 1541
305 333 353 408 443 563 580 793 874 1032 1037 1161 1411
33 235 440 484 635 661 780 792 806 951 1528 1589
272 330 361 396 456 478 481 526 549 695 784 801 894 961 1130 1286 1407 1510 1579
133 241 575 854 887 994 1012 1325 1366 1401 1406 1542
59 175 243 475 547 704 757 849 889 915 968 996 1022 1147 1176 1192 1415 1483 1527 1593
66 94 181 343 543 653 703 759 767 828 896 922 939 1122 1209 1250 1285 1386 1444
65 565 568 623 671 678 728 807 845 851 1036 1092 1129 1320 1337 1355 1534
57 111 174 316 334 351 367 438 531 649 762 962 965 1035 1151 1166 1169 1211 1273 1343 1449 1489 1561
196 313 420 471 486 629 836 876 916 944 1025 1134 1430 1443 1463
86 148 487 567 579 626 677 741 823 950 985 1044 1353 1382 1427
434 516 616 815 844 879 902 953 1287 1324 1335 1385 1403 1558
164 167 349 358 407 586 777 897 948 1019 1148 1225 1391 1511
160 251 546 719 943 1052 1108 1206 1349 1399 1440 1457 1552
