209 298 329 543 632 822 863 867 900 1556 1565
369 388 552 553 580 657 675 723 1030 1107 1118 1363
273 280 308 488 574 1073 1096 1179 1318 1375 1416
255 285 323 404 498 986 992 1156 1242 1451 1530 1566
175 392 471 598 776 827 894 949 1214 1476 1570
44 49 86 154 525 828 854 906 1153 1377 1471 1575
210 343 514 523 542 838 875 897 918 931 1027 1180 1463 1587
233 254 360 367 424 646 1053 1249 1266 1468 1561 1593
200 358 517 534 668 802 926 1031 1041 1167 1518
184 242 243 557 658 752 798 1099 1206 1382 1444 1454
140 212 214 333 380 403 584 821 839 950 995 1161
83 222 541 626 877 1007 1018 1159 1250 1254 1302 1462
22 250 431 538 669 1062 1097 1114 1210 1234 1255 1467
13 73 136 241 409 648 762 766 767 794 1304
190 340 355 368 559 708 740 1078 1445 1564
126 191 220 327 679 810 973 1109 1143 1267 1492 1560
129 452 583 665 907 1200 1218 1323 1337 1374 1430 1443
37 91 119 315 550 733 807 895 1052 1270 1287 1397 1460
3 440 502 503 515 717 759 938 1142 1199 1305 1322 1558
51 127 230 272 290 656 913 1178 1258 1453 1494 1567
5 402 412 416 442 516 596 705 749 998 1071 1348
2 227 342 470 492 1315 1342 1365 1368 1390 1519 1551
146 354 433 563 579 677 784 1166 1168 1531 1546
17 194 597 672 687 891 988 1002 1012 1171 1405
218 337 595 700 716 718 892 1247 1331 1369 1427 1524 1571
377 419 594 616 670 780 932 1075 1084 1158 1325 1367
10 314 335 644 699 790 819 1057 1152 1241 1515 1576
25 32 172 296 350 508 605 659 674 742 830 1026
48 163 351 366 375 426 601 661 1009 1326 1432 1544
11 197 244 265 269 299 363 458 843 1045 1101 1212 1253
282 494 618 655 664 676 683 728 736 1063 1198
133 196 206 208 276 312 316 511 588 782 823 1082
16 26 97 141 306 696 773 917 935 1205 1285 1523
134 411 484 927 957 1047 1138 1294 1345 1415
389 460 567 678 727 730 750 1394 1406 1475
84 115 400 447 453 483 604 639 1239 1424
169 235 330 518 603 704 816 879 1001 1014 1067 1183 1403 1418
76 152 326 393 628 662 764 989 1028 1125 1407 1582
29 68 94 160 162 331 362 1032 1044 1194 1525
71 109 236 461 468 577 688 754 861 888 1004 1058 1092 1108 1120 1224 1229 1297 1316 1503 1506
