6 57 89 201 238 724 749 821 872 931 1285 1504 1592
8 55 314 353 543 589 649 697 750 770 819 849 850 913 919 940 945 1067 1367 1414 1434 1450 1526
16 83 221 363 485 504 574 608 1032 1352 1404 1416 1432 1448
225 503 508 992 1145 1264 1369 1422 1527
34 146 197 646 670 781 814 942 1136 1205 1231 1451 1517 1587
82 486 524 634 744 776 851 1140 1282 1315 1519 1528
178 297 462 551 759 877 952 1044 1114 1119 1249 1330 1423 1463 1483 1512
90 161 290 310 312 438 888 1000 1043 1047 1356 1424 1600
5 74 84 280 284 575 594 663 683 754 1085 1094 1350 1462 1511
65 120 149 404 439 648 1029 1120 1248 1262 1339 1392 1487 1513 1537
91 352 393 584 592 733 915 1023 1268 1491 1541
33 124 217 347 446 452 533 561 582 599 696 1063 1166 1368 1396 1496 1547
211 350 476 517 536 539 550 617 669 778 1293 1480
24 37 42 60 128 162 303 311 820 920 1048 1477 1589
160 167 214 299 399 507 556 619 684 710 777 894 1014 1175 1393 1401 1441
100 355 614 714 879 895 900 961 1109 1151 1169 1181 1223 1586
46 227 275 315 342 361 769 868 909 1006 1438 1575
40 234 367 418 458 464 490 528 549 573 721 825 828 969 1040 1256 1376 1380
148 320 338 374 472 577 610 676 685 729 840 1580
292 357 421 772 791 809 859 1052 1261 1311 1418 1467
318 402 483 771 881 1015 1026 1090 1129 1263 1333 1410 1538
14 29 52 69 127 182 212 216 254 316 351 387 422 443 529 597 651 674 755 837 841 848 866 922 924 971 974 1080 1148 1163 1206 1211 1250 1324 1548 1583
200 698 775 886 1054 1086 1182 1301 1436 1564
102 263 268 274 516 518 566 797 1342 1348 1360 1363 1403 1455
7 51 97 107 196 224 235 337 384 412 616 824 1016 1408 1435 1470 1471 1506 1554
228 270 339 661 667 843 976 1103 1152 1174 1185 1257 1308 1366
345 382 400 459 523 563 689 699 786 835 948 1009 1062 1160 1241 1440
32 35 85 187 262 358 506 1289 1297 1409 1502 1576
48 129 219 440 501 774 863 929 1194 1198 1260 1316 1320
81 141 409 478 576 622 916 968 986 1045 1046 1061 1074 1134 1238
49 244 293 317 332 728 1041 1087 1210 1222 1319
47 323 407 469 631 650 672 793 827 973 1027 1168 1171 1237 1428 1446 1468 1578
19 80 406 466 521 530 644 687 954 1154 1228 1288 1303 1314 1331 1336 1338 1591
15 44 126 285 451 525 526 588 812 928 1024 1069 1594 1598
20 23 50 94 117 250 359 371 419 437 553 629 678 867 1057 1106 1195 1213 1216 1359 1377 1381 1449 1505
53 95 113 447 482 725 757 768 780 925 1003 1028 1479 1543
99 114 135 579 642 668 870 1018 1226 1252 1312 1539 1588 1595
79 109 186 283 475 893 1125 1193 1397 1509 1510
4 9 13 132 134 138 189 243 248 537 658 799 946 1055 1072 1135 1159 1274 1317 1473 1562
104 209 326 341 398 468 635 815 1127 1371 1549 1553 1563 1581
