209 210 236 393 684 698 849 867 1190 1220 1302 1316
186 211 220 310 415 422 440 526 634 913 967 1326 1498 1533
63 78 252 302 481 493 737 815 927 1154 1534
81 86 371 496 712 760 873 986 1094 1105 1128 1414 1448 1461 1464 1482
42 298 350 463 467 509 556 656 690 810 949 1017 1143 1443 1558
462 474 548 761 840 1027 1065 1123 1126 1296 1416 1594
498 500 570 919 931 1042 1099 1262 1371 1392 1437 1522
14 170 523 561 837 1046 1053 1084 1146 1216
5 261 441 485 542 576 680 781 917 958 993 994 1186 1350 1352 1363 1383 1471 1549
551 553 733 796 851 1069 1078 1185 1210 1396 1591
180 367 546 569 575 830 1008 1054 1088 1188 1268
36 83 153 427 479 587 632 708 866 932 1121 1298 1305 1373
229 369 525 673 715 853 1114 1449 1456 1507 1513
3 113 168 273 338 394 409 652 668 717 1175 1382 1470 1554 1590
29 60 254 436 559 723 823 855 1049 1157 1191 1257
30 154 370 374 424 900 1064 1228 1243 1247 1399 1422 1467 1468 1541
46 193 351 433 910 940 1000 1029 1295 1516 1567
79 148 339 442 577 613 722 963 978 1208 1221 1256 1308 1323 1420 1460
58 175 390 392 676 714 844 1011 1277 1474 1508
176 190 216 487 538 713 882 1036 1045 1195 1428 1431
18 91 352 379 391 874 930 1003 1015 1026 1178 1410 1413
215 304 383 445 753 869 877 1093 1393 1417 1439
246 430 444 454 1103 1118 1147 1150 1168 1387 1479 1562
67 80 116 188 238 265 396 1012 1068 1100 1206 1266 1552 1557
43 64 138 327 482 530 605 784 983 1140 1324 1370 1481
77 120 363 540 574 654 799 894 1135 1426 1458
128 147 376 533 568 756 819 897 973 1059 1171 1269 1376 1407 1579
253 515 566 811 911 918 1161 1244 1364 1447 1465 1543
85 89 106 185 235 448 624 719 769 1080 1142 1577
156 316 321 399 518 582 742 915 996 1101 1401
143 544 639 685 696 721 739 1041 1048 1052 1096 1172 1198 1219 1499 1510
48 109 325 388 511 638 970 1019 1039 1092 1124 1129 1165 1596
39 93 103 146 184 244 320 502 687 693 736 850 979 1021 1108 1205 1314 1477 1524 1575
72 368 531 572 630 703 758 891 1160 1164 1278 1356 1381 1571
2 61 157 159 230 278 660 662 1130 1239 1338 1475 1546 1563
111 279 483 667 689 731 941 1290 1339 1459 1526 1535
228 787 841 879 896 929 944 971 1081 1199 1353 1403 1478 1556
191 308 398 514 601 813 989 1028 1327 1595
136 205 248 331 400 734 735 780 817 925 950 1151 1162 1343
195 201 275 317 365 492 513 610 772 1034 1261 1346
