22 153 206 264 265 285 369 461 518 640 908 958 1038 1187 1268 1332 1505 1556
104 151 227 314 490 496 626 675 770 880 940 1109 1209 1232 1238 1258 1347 1349 1383 1415
83 255 279 724 912 923 1096 1191 1483 1514 1592
18 198 413 546 552 637 719 937 1039 1206 1265 1317 1380 1585
124 167 260 329 364 408 423 589 614 631 682 711 764 850 1143 1316
144 213 459 646 671 960 965 980 1012 1071 1098 1141 1292 1354 1507 1588 1589
25 249 498 649 752 1057 1118 1119 1132 1301 1435 1469
254 266 404 465 523 676 716 1064 1097 1157 1158 1230 1235 1495 1499 1572
5 66 84 203 541 565 728 926 1072 1284 1299 1343 1482
230 303 784 852 945 1078 1122 1360 1382 1390 1396 1510
246 253 656 678 778 834 841 877 892 893 1121 1135 1251 1277 1351 1403 1410 1418 1447 1470 1497
137 192 248 374 503 652 707 1001 1149 1164 1394 1496
15 17 19 211 319 350 407 484 488 494 933 971 995 1005 1103 1127 1138 1176 1245 1325 1374 1430 1562 1568
13 100 115 125 437 462 736 775 881 1099 1145 1426 1437 1477
259 520 522 612 620 870 890 993 1036 1215 1304 1309
143 401 418 547 613 727 895 922 941 1049 1050 1065 1151 1195 1213 1425
21 208 345 467 471 495 611 774 1116 1337 1512 1516
306 325 392 454 737 799 807 864 885 1017 1053 1221 1270 1323
44 284 452 624 667 769 863 878 943 968 1170 1250 1286
72 283 310 706 731 765 867 871 1045 1093 1319 1388 1567 1583
62 331 391 412 453 530 570 572 595 608 726 797 836 910 1524 1547
132 141 194 256 286 535 580 630 748 869 956 959 1338 1342 1444
9 121 316 370 539 592 729 730 886 1182 1199 1361 1498 1552 1566 1582 1598
47 49 96 199 322 497 848 903 1111 1148 1153 1188 1283 1409 1445
61 157 177 348 532 576 639 721 838 983 1062 1198 1231 1412 1438 1472 1536 1537
207 276 528 536 780 928 1059 1185 1275 1308 1529 1577 1580
181 185 317 352 501 708 803 828 978 1003 1034 1172 1180 1336 1459
6 73 133 551 622 709 858 938 953 1086 1181 1269
71 76 215 382 483 521 735 1002 1024 1101 1328 1355 1359 1525 1544 1581
81 102 130 200 236 280 372 489 577 684 1026 1046 1085 1593
75 274 455 597 793 822 824 897 1023 1204 1210 1467 1518 1573
20 120 267 335 347 448 449 480 499 512 837 931 1043 1082 1193 1402
55 229 309 363 430 594 629 911 984 1035 1074 1314
138 307 332 336 371 427 438 502 525 623 654 679 801 1013 1092 1106 1449 1452
99 226 411 540 643 660 720 733 835 921 1054 1367 1466
158 178 282 441 564 756 768 868 990 1110 1136 1339 1405
58 98 324 505 509 560 604 844 997 1018 1090 1296 1300 1312 1424
79 103 278 326 429 463 579 688 808 849 1007 1142 1175 1227 1243 1260 1542 1545
34 57 586 777 806 832 987 1021 1022 1076 1134 1137 1190 1500 1565
170 189 247 312 419 504 634 692 747 772 840 1051 1108 1194 1350 1401 1427 1527
