280 1064 873 590 218 1434
1005 882 890 369 1389 1428 985 1505 1546 1512 1007
849 63 1106 576 6 57 774 893 96 986
920 289 1282 159 285 641 444 1189 132 1127
1015 1488 298 1030 992 691 1302 154 852 895 1418
434 107 426 1154 277 288 240 223 266 1590
1426 865 1495 213 495 1534 910 399 1424 1450 806
619 209 1565 792 908 646 446 529 424 87 355 1010
94 598 467 1518 1146 1390 1356 436 787 1395 1245
429 121 867 553 551 314 1382 798 945 260 1188
863 821 1478 1124 380 59 180 573 1252 1137
189 652 1038 1149 649 642 1173 320 236 1353 1440 874
1514 1049 411 386 1441 1098 1100 1062 578 1278
1232 766 1557 1332 1480 464 1048 604 41
256 937 898 1359 1242 1203 837 220 1405
274 1489 900 396 973 318 265 93 200
335 459 1295 1378 1516 1272 146 1031 672 1260
150 35 286 119 1279 1270 1431 686 829 222 544
458 539 1228 610 1004 1579 940 1305 422 1421
125 292 1453 913 127 395 1027 1212 1192 158 182
271 698 1185 91 959 627 749 103 8 1011
952 439 1592 1315 1483 126 383 394 522
738 1572 1303 677 354 1086 1141 1016 53
687 255 1540 1171 497 311 264 1541 932 1457 569
543 194 461 56 1354 1193 1158 745 86 724 990
263 644 356 637 654 1306 673 1261 538
89 545 1059 1392 718 537 993 1224 1326 640 316 1594
1288 306 210 201 73 1543 602 1187 438 176
1058 1427 219 1535 507 614 801 695 1129 733 1266
1056 684 287 1504 643 1088 98 1268 408
934 1321 1198 202 822 237 1109 1561 476 421 1593 66
1021 657 970 562 231 823 313 192 15 341 249 19
1285 173 887 773 348 26 935 163 1312 948 1573
674 1267 1183 872 371 860 688 307 414 211
1367 199 521 418 1406 463 632 730 660 1178
281 489 731 768 1206 1461 282 1319
609 737 1556 567 362 870 713 245 868 818
401 1220 905 844 1551 856 118 347 929 558
914 1316 1503 777 954 1116 1246 375 1555 321
1454 113 1104 1521 1394 1115 352 388 1052 791 1502
