136 218 318 418 868 905 952 1056 1068 1220 1267 1565
17 78 547 580 752 813 853 940 979 1042 1082 1363 1493
49 181 234 273 690 706 912 1013 1098 1236 1350
90 373 450 841 920 990 1106 1235 1265 1569
205 300 360 549 670 988 1159 1164 1284 1482 1529
533 681 828 851 854 976 1027 1362 1545
93 114 172 481 555 600 897 937 1132 1357 1392 1477
260 377 655 825 908 1145 1185 1466 1515 1550 1600
80 179 319 469 644 702 770 887 1123 1318 1413 1414 1494
55 76 224 479 553 558 742 1149 1382 1510 1525
23 51 144 281 380 573 710 830 863 1061
302 488 534 541 758 848 872 1009 1023 1113 1115 1335 1472
104 250 299 386 397 669 780 906 914 1114 1393 1451 1546
4 279 330 333 404 505 579 749 820 922 958 983 1088 1217 1225 1333
146 267 434 519 925 1103 1292 1296 1327 1516
165 604 697 973 992 994 1055 1131 1264 1268 1300 1560
145 294 335 583 672 686 751 774 911 1157 1463
12 427 818 831 899 942 987 1029 1287 1522 1563
428 442 717 786 790 852 904 948 1011 1322 1408
160 341 348 700 856 1171 1214 1233 1269 1433
5 119 159 207 265 368 379 412 609 622 815 959 1007 1196 1237
1 26 79 143 301 315 439 491 738 832 849 951 1048 1483 1502 1514 1562 1590 1592
42 433 565 677 1147 1182 1226 1240 1262 1436
8 25 455 705 880 903 999 1002 1177 1215 1427
87 248 322 817 842 1070 1097 1193 1252 1513 1524
33 77 263 625 944 996 1162 1175 1341 1372 1387 1553
305 365 531 563 685 947 993 1294 1377
178 201 213 614 659 805 873 909 927 1141
157 167 426 601 673 806 1326 1380 1402 1572
19 175 287 342 363 678 694 1045 1105 1444
58 226 262 410 474 676 822 864 882 1035 1144 1354 1499 1567
134 140 269 285 570 764 874 1008 1019 1153 1314 1329 1348 1428
258 539 572 594 603 687 716 736 843 916 1139 1205
81 246 480 540 575 755 1117 1183 1251 1337 1432 1439 1552
71 88 137 200 275 667 791 901 1025 1107 1161 1165 1370 1384 1556
10 101 139 483 785 934 1046 1172 1190 1351 1476 1535
24 198 320 451 464 741 796 870 928 1277 1278 1313 1434
75 551 728 867 893 982 1247 1273 1286 1289 1298 1305 1331 1426
68 142 375 389 390 535 647 808 877 971 1127 1231 1471
352 388 473 514 517 754 975 1066 1245 1346 1454 1548
