63 125 150 173 218 274 334 335 401
28 54 110 170 191 212 233 235 310 333 336 346
6 17 24 29 37 57 322
53 90 131 139 145 159 225 285 313 340 358 393
87 167 260 273 275 276 298 301 304 323 327 329 341
1 44 50 128 210 240 288 337 360 366 392
39 93 171 195 213 222 224 330 356 424
3 20 36 99 154 175 266 306 347 416
19 94 134 155 174 177 179 200 355 376 389
65 121 243 257 264 292 303 314 348 413 429
31 100 124 144 180 193 344 349 388
43 64 72 151 194 216 217 236 312 319 320 332 410
5 22 26 75 92 114 142 161 299 352 369 377 382
13 45 71 138 141 241 311 354 409 418 434
18 66 143 181 183 190 205 220 254 289 357
8 40 82 83 88 106 108 196 367 384
10 80 81 129 157 163 229 239 262
35 67 119 147 152 166 234 378
58 69 137 148 209 251 365 380
38 112 127 160 187 226 230 253 278 282 394 400
34 91 103 204 270 271 280 284 339 381 417
62 74 107 126 132 215 223 286 297 374 386 397
7 9 78 85 146 206 207 308 351 370 383
2 21 117 255 268 353 396 402 405
46 56 59 60 77 263 302 315 361 364
33 41 52 120 133 176 197 318 321 362 363
12 25 89 149 232 267 279 343 399
51 61 73 104 109 172 178 201 221 248 345
95 97 116 189 219 293 300 359 373 375
11 32 98 102 162 198 287 294 372 387 390
27 96 153 182 192 202 305 307 404
47 68 70 111 122 156 208 269 316 325
4 105 140 186 242 250 258 259 290 309 324 395
15 168 246 265 350 368 371 411
55 79 123 199 211 231 244 379
16 84 101 115 130 135 158 169 237 338
48 49 86 227 228 245 249 277 328 342
42 76 118 214 272 283 291 317 331 385
14 30 136 184 188 247 252 256 261 281 295 296 326
23 113 164 165 185 203 238 391 398
