63 125 150 173 189 209 210 218 345
13 49 170 191 212 233 310 336 344 346 393 424
6 17 29 30 36 37 38
22 90 131 139 141 145 159 225 285 340 374 402
167 260 276 297 298 301 304 322 323 327 329 351 391
44 107 128 240 257 274 277 288 348 401 410
8 39 72 93 195 213 222 224 355 395
3 14 50 59 70 99 163 175 354 409
1 74 94 134 155 174 179 200 266 368 418
12 121 151 243 292 303 308 314 315 347 384
11 51 100 124 144 180 193 258 357
18 64 216 217 236 312 318 319 320 332 334 335 370
34 92 101 114 161 299 306 313 324 341 360 364 405
4 45 60 71 138 241 273 311 330 353 373
109 110 143 190 205 220 227 254 264 349 375
40 82 83 88 106 108 238 377 404 434
9 80 81 129 157 229 239 262 380
35 67 119 147 152 166 234 378
20 58 69 137 148 223 251 416
112 127 154 160 230 253 278 282 305 371 394 400
68 91 103 204 270 271 280 284 289 339 413
2 62 126 132 186 215 286 300 333 350 398 411
5 78 85 146 156 183 207 221 352 381 385
21 25 66 117 181 255 268 376 388
43 46 56 65 86 87 194 316 365 397
31 41 54 57 120 176 197 321 358 369 429
10 89 149 232 267 279 343 361 417
61 73 104 164 172 178 201 248 366 382 390
33 95 97 116 140 142 171 219 293 367
19 27 98 102 198 203 287 294 302 362 392
96 133 153 182 192 202 226 307 356
28 42 47 111 122 196 206 208 269 363
26 105 242 250 259 263 290 296 309 328 342 387
15 16 32 168 187 246 265 325
55 79 123 199 211 231 244 379
53 84 115 130 135 158 169 237 338 386
7 24 48 228 235 245 249 337 372 389
76 118 177 214 272 283 291 317 331 383
75 136 184 188 247 252 256 261 281 295 326 359 396
23 52 77 113 162 165 185 275 399
