86 110 113 147 246 375
143 331 361 394
77 249 256
21 88 89 304 348
19 28 191 243 282 384
148 164 180 258 336
2 118 219 259 320 396
51 67 125 152 185 204 224 287
57 332
15 61 97 104 255
11 80 288 377 388
9 34 321 323
6 124 138 150 313
43 55 60 135
102 116 146 283 325
42 153 251 310
69 212 218 272 275 290
17 22 23 195 286 340
39 123 176 231 276 307 372
48 96 208 381
5 131 183 235
75 157 238 253
50 137 187 270 274 373
31 242 271 277 338
26 45 115 250 330
136 145 170 314 328 333 379
162 267 319 335
126 226 339
99 265 299 351
16 79 151 366
140 198 300
18 105 155 211 395
44 214 216 240 378
178 334 342 362
10 215 262
8 66 70 158 363 387
12 73 266 284 349
27 81 192 234 244 293 297
84 167 182 269 376 383
76 82 160 193 295 296
