280
210 237 249
71 83 256 306
288 289 378
334 369 396
208 263
189 192 265 326 375
63 173 200 219 285
154 201 245 287
98 100 119 127 300 355
6 41 91 281
86 150 260 371
225 316
158 264 345 380
4 176 321 356 383
231 320 379 398
15 45 113 298
43 162 209 236 373
35 163 164 266 313
53 73 93 282 292
17 49 183
40 107 125 153 352
57 59 115 180 218 223 254
94 103 307 388
159 286 399
66 96 126 271
1 23 194 220 335 395
199 240 270 277
255 377 394
56 90 108 213
89 311
132 211 242 275
182 187 222
19 21 202 314 362
72 274
8 318 348
70 121 315
114 118 341 347
13 146 354 386
26 87 353
