280
210 237 249
256 306 71 83
289 288 378
396 369 72
263 154
91 192 377 200 70
173 189 222 275 398
287 57 211 43
119 219 15 90 114 208
281 127 270 254
150 163 236 53
159 59
380 264 158 8
356 383 321 176 353
63 218 355 315
298 113 245 300
371 73 98 66 45
231 313 266 373 108
292 282 316 182 164
107 96 326
125 26 341 334 1
180 126 320 41 225 242 4
103 388 86 399
286 213 183
35 271 93 132
194 335 118 87 100 17
199 277 394 162
209 265 345
255 56 187 49
89 311
375 395 307 115
94 240 223
202 314 362 23 21
274 40
318 348 153
121 201 19
352 347 220 260
354 386 146 13
6 285 379
