280
210 237 249
71 83 256 306
288 289 378
72 369 396
154 263
70 91 192 200 377
173 189 222 275 398
43 57 211 287
15 90 114 119 208 219
127 254 270 281
53 150 163 236
59 159
8 158 264 380
176 321 353 356 383
63 218 315 355
113 245 298 300
45 66 73 98 371
108 231 266 313 373
164 182 282 292 316
96 107 326
1 26 125 334 341
4 41 126 180 225 242 320
86 103 388 399
183 213 286
35 93 132 271
17 87 100 118 194 335
162 199 277 394
209 265 345
49 56 187 255
89 311
115 307 375 395
94 223 240
21 23 202 314 362
40 274
153 318 348
19 121 201
220 260 347 352
13 146 354 386
6 285 379
