1 154 202 217 292 397
242 271 337 374 394
7 18 33 69 81 148 214 236 284 330 348 391
60 102 132 194
37 45 233
11 68 71 119 134 203 340 363
59 113 135 269 299 364
8 49 152 272
51 90 96 116 126 370
41 144 201 280
52 109 216 219 228 297 319
27 100 141 182 249 258 349
226 240 285 291 371
110 207 354 378 390
196 274 288 301 311 329 389
129 162 230 246 263 385 398
73 122 130 220 335 343 358
86 153 200 281 376
58 75 78 188 208 388
42 48 77 79 151 195 234 294 326 356 361
13 19 127 161 174 183 273 344
34 140 168 309 347
67 160 205 238 328 339
38 83 232 302
17 43 224 241 256 275 313 336 380
10 170 379 395
46 50 176 383
2 24 175 276 334 357
21 223 362 377
57 72 199 213
30 114 266 304
65 155 197 318 338
12 54 179 277
63 85 98 157 166 169 218 253 381
29 146 210 305 312
22 26 89 92 184 257 283 367 368
16 136 143 225 267 310 332
28 70 121 137 142 185 307 352
87 158 293 341 382
6 97 145 300 314
