143 277 292 325 343 370 395
147 153 237 345
57 65 68 316
23 115 174 351 374 394
245 259 283 303 328
51 83 86 131 164 199 228 231 387
21 191 262 271
70 216 276 332 357 371 389
25 102 119 150 192 361
40 92 221 244 256 268 384
29 58 63 285 294 324
27 36 84 135 152
50 148 163 232 373
4 99 227 241 266 382 386 391
48 75 270 369 390
10 41 81 93 122 159 226 238 267 269 313 363 368
154 167 335 364 399
73 88 290
60 129 278 306 307
34 55 78 96 190 286 333
124 312 317
111 125 157 297
47 62 107 206 284 342
123 177 239 308 339
43 236 250 293 327 330 338 377
87 110 179 188 289 372
69 249 252 264 376
15 44 59 67 72 162 181 183
14 35 141 210 223 233 279
121 139 166 215 309 367
3 224 265 321 326
2 28 42 49 187 222 230 248 365
106 136 295 331 358
169 194 208 240 254 336
18 127 263 353 356
193 214 229 273
94 151 155 217 388 393
32 79 108 172 204 322
101 117 145 329
9 66 116 168 186 198 298
