73 94 126 132
76 97 129 136 147
1 5 57 63
3 12 106 156
11 20 45
30 95 159
9 23 64 105 133 135
15 60 65 77 80 92
16 24 123
38 53 74 108
6 34 71 141 153
25 82
19 43 61 91 155
39 44 151
18 37 120
79 140 148 149
69 89 104 112 138
21 86 110 113
40 52 59 93 100
29 32 47 55
85 144 157 172
35 124 125 164
28 54
33 83 109
72 111 152
22 41 96 114 160
4 10 46 84 101
81 130 137
14 48 51
8 56 102 127 131 142
49 117 119 161 166
68 134 146 169
66 87 107 139
17 36 67
42 75 103 158
70 78 88 116 122 128
26 121
31 50 58 90 99
2 7 27 115 118
13 62 98
