57 116 210 282 366
22 277 331
28 82 113 138 179 349 357
32 33 167 279 330
6 17 173 308 371
46 95 133 290 315 341
3 212 359 388
208
69 71 151 154 275 338 339
97 191 193 197 261 271 316 360
195 273 319
39 147 156 228 231 353
16 104 146 152 246 344
92 137 206 257 265 322
26 174 328 343 345
64 65 185 217 374
52 170 260 267 294 356
4 7 77 141 169 235 298 383
23 255 270 313 397
153 230 276 381
58 221 286 321 335
99 149 157 291
56 161 281 299 325 340
2 115 177 196
224 280 284
47 108 266 278 288 336 392
34 48 59 96 332
226 297 354
20 75 136 240 312
100 120 219 307
127 182 207 250 253 367
124 309 333 365
19 27 37 50 106 164 303 363
30 49 126 209 229 385
38 241 272 329 351
35 114 123 175 223 283
200 201 239 326
15 31 45 60 107 382
40 43 178 324
68 70 81 145 181 251 252 254 347
