98 213 274
190 262 316
68 92 149 165 238 285 349
256 277 303 356
111 138 346
11 31 167 172 188 194 198 393
242 276 312 335
40 189 192 250 358
37 134 204 310
9 64 191 290 334 367
3 266 281 337
7 14 106 127 142 195
131 141
50 103 179 300
5 17 21 63 187 354
22 122 215 246
99 175 201 223 379 400
42 76 202 384
79 153 176 245 343 372
129 217 222 251 341 387
94 196 229 273 382 395
104 148 182 220 338 351
59 61 125 288 306
65 66 78 110 144 170 267 386
255 294 359
27 80 150 197 216 284 330
23 156 226 308 315
157 243 347 364 383
209 236 318 333 377
38 130 293 357
75 116 117 268 269 361 368 373 388
87 112 219 228 298 326 339
49 163 203 239 296 360
113 132 171 178 193 233 271 282
18 91 249 392
43 348 390
34 81 107 136 231 362 365 371
4 159 253 391
1 8 147 234
155 254 258 297 311 329
