292 307 325 330 354
5 63 232 243 308 390
22 72 88 169 370
11 25 66 105 241 259 274 293
37 52 128 162 199 336 371
141 159 341 363
8 49 50 73 180 264 302
45 99 130 301 313
187 227 265 303 323 367 369 379 392
57 197 217 324 331
179 220 223 261 288
26 34 71 102 182 385 397
69 148 211 295
43 51 181 329 346
190 196 236 347 400
2 12 70 112 185 237 253 269 315 338 382
89 230 333 335
90 93 126 210 319 344 395 399
17 94 306 314
15 21 152 268 387
35 96 250 317 376
104 122 351 394
67 124 125 208 242 372
74 83 233 256 285 398
47 165 175 300 320 327
10 32 136 174
31 46 48 297
78 103 142 176 255 281 358 374
55 111 231 270 290 296 340 352
39 95 113 186 316
76 106 206 361 396
81 238 266 318 357
58 97 157 170 391
56 116 146 167 229
91 151 224
18 84 164 218
4 107 129 216 226 298 305 348
68 120 145 205 273
80 115 278 356 377
41 77 177 191 198 219 260 277
