61 202 213 306
153 176 258 263 346 357
22 125 147 224 231 236 311
19 80 154 167 234 319 347 363
7 71 157 171 283 326
6 173 232 251 252
5 54 242 281 327
131 183 361 365 399
182 223 243 373
58 103 119 205
25 55 69 73 75 115 123 288
33 46 59 86 255 367
108 145 235 317 321
45 82 302
41 98 341 368 388
92 169 187 284
53 292 301 387
104 166 293 360 376 381
36 94 100 256 271 336 339
20 32 134 158 214 383
184 219 240 338
34 197 221 225 307 380
56 95 144 206 260 353
106 274 318 325
17 109 111 132 241 245
43 155 222 303 362
83 172 237 249 328
14 72 137 138 196 294
85 163 186 204 282
27 265 286 382
2 18 345
99 170 262 275 350
150 181 203 216 272
44 49 191 215 226 285 290
24 102 188 276 312 340 366 384
62 63 118 160 273
151 152 230 364
1 168 244 268 287 389
12 30 48 254
26 189 372 395
