35 125 133 252
106 176 210 393
29 56 152 386
12 24 241 248 277 299
11 110 121 208 384
86 115 180 294 331 336
72 232 278 316 399
14 293 373 383
38 198 211 223 370
36 49 93 215 397
3 60 123 154
84 155 311 321 350
16 52 59 65 289
145 193 196 296 360
47 139 226
42 168 264
148 192 286 298 357
1 22 58 73 228 388
46 187 364
5 177 265 313 381
4 9 80 116 142 158 236 260 323 374
34 57 253 327
31 126 160 400
91 244 276 320 325
138 239 343 346 391
136 146 307 335
117 171 181 194 212
229 287 334 368
96 128 134 186 207
41 71 259 268 281
30 88 135 209 359
206 284 358 375
76 172 214 258 312
27 118 233 254 324 352
202 330 337 398
19 70 78 367
23 55 227 385
81 305 341 342
79 112 262 269 271 332
45 242 297 363 382
