35 73 86 129
11 18 76 118 141
63 65 106 142
20 32 111 123
45 49 117
3 31 127
64 82 100 153 157 161
60 77 92 97 124 126
6 29 158
38 53 74 108
15 57 95 104 135
9 25
43 59 61 105 164
4 39 128
41 47 109
42 79 91 134
69 87 89 112 156
17 23 85 130
48 52 93 119 155
19 55 96 166
44 84 110 136
26 34 115 132
28 54
33 83 94
8 71 169
7 22 24 121 140
46 51 101 148 160
5 13 149
14 21 131
16 56 102 133 146 159
2 72 113 139 144
37 66 81 120
1 62 103 151
36 67 152
10 75 107 137
70 78 88 116 122 147
12 58
50 68 90 99 125
30 40 80 138 172
27 98 114
