129 267 281 363 375
11 44 64 376
47 65 67 172 195 259
121 149 203 351 388
28 191 279 298 310
39 84 263 290
1 127 144 232 254
151 264 334
58 98 245 302
38 80 289
198 204 284 378 393
34 103 216 233 287 321
2 74 105 139 156 221
122 166 241 380 386
35 62 126 333 356 371
20 251 320 348
72 220 260 276
49 91 179 211 384
12 132 192 226
50 169 242 261 293 325 337
16 45 66 141 183 184 323
4 17 148 200 277 286 383
61 128 215 278 340
23 92 95 199 239
177 255 342 359
25 155 170 358 389
97 109 247 324 338
87 157 343 366 396
5 107 294 360 372
56 116 207 243
108 311 390
68 89 137 188 208 318
131 159 258 385
101 118 125 269 274 315
85 147 197 275 312 365
52 70 88 285 341
83 136 138 353
15 120 168 297 304 316
123 142 205 234
37 81 369 382
