144 209 295 463 551 777
34 89 161 554 857 877
92 434 603 727 812 894
93 123 397 401 430
239 312 370 457 744
75 555 753 881
41 279 305 320 505 606 649
13 460 571 623 711
84 650 735 781 803
1 91 264 407 499 604 611
269 416 459 567 631 634 717
27 40 166 221 377 387 440 597 899
357 575 684 798
443 501 513 584
57 334 452 745
4 15 191 438 451 534 639
20 32 151 449 558 723
47 390 638 864 895
71 367 383 581 630
24 158 176 419
268 447 609 813
36 140 511 768 799 878
379 462 518 624 758
108 328 413 568 622
120 241 248 340 536 595
31 101 315 783 842
102 304 309 342 359 663 762
62 553 724 750 805
125 130 186 415 729
688 774 829
215 245 352 424
25 43 353 716 766 820
287 337 380 702
190 332 384 433 528 620
148 347 489 672 713 721
97 495 879
231 348 375 673 821
138 139 652 657 771
127 325 333 526 775 883
172 256 307 610
33 230 392 825
302 396 574 804 811 875
54 421 540 588 726
156 247 249 326 496
30 66 212 354 746
2 192 466 516 522 668
56 163 654 703 718 837
50 69 274 389 502
99 343 365 560 561 836 853
49 229 508 733 791
119 358 382 608 681 772 841
111 167 435 596 700
53 171 182 210 243 276 420 896
16 78 214 363 520 605 612
39 169 236 285 539 709
7 98 318 346 490 763 850
152 405 444 682 728 816
86 224 331 472 483
74 90 122 628 845
68 308 313 335 527 860
