489 640 657 855 900
43 45 73 121 754 794
81 310 349 389 402 606 723
483 524 549 755 838
139 143 409 449 586 836
277 413 616 739
185 527 528 541 827 858
152 314 329 404 440 615 714 717
82 95 225 517 882
212 264 376 425 439
5 98 362 368 423 508 842 875
383 610 674 767 814
174 470 623 846
115 146 188 190
6 262 302 466 480 525 820
179 253 374 378 890
70 129 211 238 591 669 844 899
286 731 740 762 800
12 155 393 652 860 878
19 236 675 833 872
141 216 391 471 477
254 284 305 331 467 642
46 266 426 556 561 649
58 222 268 703 738 743 851
130 157 234 252 288 451 472 618 737 784
50 247 323 380 658 807 815
370 673 689 705 715 791 795
2 379 531 584 876
134 428 662 684 888
10 319 484 555 629
59 122 200 350 366 884
66 233 364 697 797
94 106 301 338 450 839
120 175 244 250 332 693 812
16 322 384 465 679 873
454 603 704 854
83 196 785 821
7 74 145 335 369 538 588 771
13 27 93 511 626 732
22 30 105 300 446 709
340 543 550 567 583 646 789
165 168 256 641 712
25 57 118 317 579 710
3 161 625 837
56 78 313 365 396 596 779
40 108 299 385 540 700 832
36 85 163 180 373 377
321 418 498 630 650 770 828
32 187 406 506 624
135 281 469 535 734
15 358 572 580 598 686 863
39 100 390 398 422 455 804
61 137 328 359
11 204 282 445 453
142 309 371 486 488 530 600 633
14 447 510 558 850
182 239 375 702 893
86 304 416 434 571 708
205 431 502 787 831 885
64 192 249 334 345 387 562 602
