280 610
59 91 225 646 749 773
23 211 311 463 602
8 132 182 266 446 489
164 222 508 698
63 163 627 716 724 737
388 538 730 798
96 98 318 335 373 422 558
6 306 436 638 882
362 621 766 829
126 399 545 640 821
356 383 637 674 818
223 263 401 872
292 395 522 543 731
274 321 334 497 673 890
57 118 210 220 644
209 394 551 823 887
15 35 461 672
231 564 634 898
87 107 355 718 844
94 495 609 657
493 649 654 900
53 371 777 856
411 504 867
507 521 691 801
282 439 458 459 888
100 202 314 567 865
56 192 194 288 352 632
93 113 537 553 873
19 270 576 774
369 424 434 834
72 73 180 189 201 264 476
236 380 438 822 837
114 154 619 738
686 713 806 827
146 277 353 467 684 695
298 464 569
70 125 245 421 893
66 271 345 348
256 307 870
86 286 341
71 153 219 240 249 416 795
173 578 687 863
260 347 386 546 791
354 396 641 860
176 287 590 614 745 832
237 265 289 326 733
150 604 677
158 199 408 874
200 643 660 787
119 187 573 642 792
89 285 313 529 849
375 378 688 895
13 90 127 544 868
121 316 539 652 852
320 429 444 826
213 418 598 892
49 159 377 426
26 41 103 218 768
255 281 414 562
