62 356 514 539 677
332 527 603 613 780
49 83 277 354 461 767
142 146 239 289 369 793 892
230 233 272 431 718 754
393 654 799 845 881
188 241 254 553 755
297 338 360 430 537 602 689
39 129 195 232 285 824
20 30 449 488 765
51 408 525 672 835
41 44 229 247 389 397 818
174 201 226 374 504 596
29 105 325 367 581 634
24 304 383 400 440 560
112 191 310 745
56 151 564 568 843 852
653 721 800 895
177 278 292 540 662 740
158 651 844
71 252 305 580 897
200 225 519 599 732 774
380 475 496 552 624 676
74 720 768
55 165 312 333 517 606
95 181 189 409
706 708 828
19 171 582 584 782 832
36 115 124 126 185 669
73 234 674 789 878
116 138 235 491 849
295 346 650 820
26 465 550 717 797
619 679 698
133 221 294 483 616 645
203 515 591 817 879
219 270 432 487 664 727 890
182 311 375 447 460 538 855
320 529 681 801 883
480 484 521 585 712 737 752 834
274 472 530 866
63 167 466 500 710 888
58 75 283 363 413 870
3 160 207 457 652
48 66 99 396 511 882
244 307 509 526 815
180 557 693 703 722
27 119 365 692 811
245 296 459 709 714
144 344 556 629 643
7 14 317 477 792 841
37 478 545 773
96 145 178 330 671 742 756
88 127 198 228 730
147 179 394 523 666 898
81 91 204 350 428 433 442 549 699
166 536 702 816
118 159 361 426 567
13 213 559 865
38 353 588 764
