3 127 159 261 307 371 467 759 894
8 20 386 395 528 803
11 195 203 219 603
143 149 375 537 596 626
119 142 236 449
121 285 568 627 739
178 185 271 390 510 815
166 190 369 711 719
48 54 533 708 806
7 204 292 810 881
385 391 425 520 552 636 801 852 879
71 330 347 349 362 724 832 888
138 220 392 670 767 782
257 306 359 415 740 768
63 92 113 339 419 599 763 845
4 46 189 310 458 770 793
140 148 243 475 551 638 727
320 326 360 492 587 633 807
152 180 270 604
89 167 171 297 304 442 847
157 161 283 535 756 871 883
96 677 696 817
98 175 225 291 514 637 841
68 186 268 341
478 532 654 655 690 785
43 164 264 275 394 571 658 721
17 99 184 296 461 602 650 682
9 124 737 797
14 230 289 367 581 684 748
29 150 191 388 541 775
235 417 586 679 695 814
13 135 151 179 183 234 536 542 890
158 373 374 380 406 413 507 549 629 634
104 182 377 405 579 822
97 485 505 709 778 880 886
39 95 103 216 290 465 497 657 774 836 856
200 209 560 789 828 863
78 215 284 509 575 820 900
249 273 370 430 493 570 712 760 848 857
256 258 383 444 561 609 725
336 350 368 849 850 868
293 409 675 791
37 87 111 722 723 853 877 896
145 354 423 438 484 565
170 260 441 482 787
116 277 313 329 553 639
122 129 133 255 351 577 659 783
315 471 522 618 720 741 753
136 515 628 726 884
196 376 710 821 838 840 846
26 208 432 435 705 729 772 825
28 118 125 364 512 656 713 804
222 357 456 674 678
226 453 605 681 731
123 139 147 298 422 615 698
86 115 246 294 381 416 885
106 197 319 645 744 777
18 58 165 201 259 491 495 798 835
217 503 518 597 606
50 312 314 414 468 736
