280 209
73 773 749 93 438 827
463 311 602 211 522
489 401 446 614 182 416
698 731 787 634
737 627 277 421 87 795
730 798 158 538
119 573 320 718 98 638 892
882 529 688 436 225
766 362 829 621
822 545 146 569 187
356 59 637 236 334
263 872 684 220
543 121 646 378 70
173 274 497 673 321 888
644 210 94 660 72
201 551 887 823 818
461 199 26 394
898 180 231 153
335 844 96 640 114
657 609 558 176
900 649 654 493
610 777 856 19
411 867 504
521 691 801 507
371 459 439 66 806
865 202 314 733 826
632 288 868 118 132 8
125 89 113 422 90
674 576 774 373
434 424 369 834
189 107 444 352 476 49 716
458 380 837 399 564
738 619 318 71
873 237 713 791
57 745 467 695 414 41
298 464 672
426 893 245 537 23
271 194 264 348
256 307 870
821 286 832
219 163 240 686 408 874 270
863 687 578 100
386 347 86 544 200
396 354 860 13
590 287 495 223 222 546
289 56 265 103 15
150 677 604
306 213 890 249
395 643 126 192
35 792 642 266 326
849 285 641 345 353
292 375 418 724
127 282 383 313 852
63 539 652 53 508
429 91 341 377
553 598 895 164
159 6 567 316
768 218 388 154 260
281 255 562 355
