237 445 521 573 576 636 643
283 528 534 587 640 692 723
28 230 352 591 727 784
41 53 483 488 551 598 675
21 164 260 374 770
300 362 383 524 627 800 828
24 262 328 390 558 612 661 711 876
96 290 484 695 752 756
48 256 257 648 806 824
133 229 305 579 810 859 884 897
169 193 235 428 454 631 745
10 373 384 566 726 818
140 263 504 586 778
143 517 553 644 660 861
159 187 440 650 656 702 880
14 90 137 254 282 368 410 613
32 131 149 198 851 857
178 285 638 833 841
7 191 358 363 628 698 763
1 259 372 615 845
36 79 185 232 312 885
217 736 796 825
3 196 205 231 298 581 592 866
9 158 163 204 349 689 742 848
241 439 482 516 737
220 642 663 767 807 842
316 420 541 760 865
218 249 278 356 577 616 626 637 748 894
200 337 379 543 741 871
44 162 258 288 458 466 497 585
195 634 654 655 669 822 836
37 69 414 535 831 844
20 46 502 544 657
40 190 369 479 751
16 81 452 456 686
146 392 590 652 895
23 60 77 348 436 629 734 811 829
154 184 243 293 309 317 530 563 635 641 708 738 761 812 837 882
74 100 214 323 704
89 98 250 470 507 525
35 68 157 321 503 596 600 725
183 224 252 271 378 674
86 216 244 361 375 408 499 533 574 714
83 175 443 449 496 567 601 891
47 485 523 569 759
92 161 291 382 532 732
264 495 545 552 878
103 215 666 834 881
25 147 179 493 570 680 816
101 295 396 444 512 856
211 248 381 441 531 699 832
123 228 700 743 782 860
70 155 182 261 647 875
130 145 207 537 556 679 843
39 141 354 357 481 646 719 795
55 128 152 359 469 540 571 619
57 511 514 526 673 892
197 266 303 330 407 442 465 614
95 276 575 684 762 867
104 341 417 468 670
