35 56 63 228
14 34 205 261 317
146 154 168 219
72 108 123 130 165
38 80 95 211
5 32 224
23 30 160 206 253 289
9 27 233 250
39 52 94 125 274
7 28 174
65 90 140 150 217 244 281
60 78 110 212 234
11 13 107 179
61 93 119 247
57 84 156 280
2 29 142 184 221
12 55 121
58 169 170 177 197 251
41 51 152 167 240 264
24 88 162 254
113 134 155 161 238
135 172 188 194 226
46 103 106 213 265
54 64 68 195
147 158 164 223 255
31 43 114 189 269
49 91 157 216 231 259
18 19 186
69 89 120 222 249 291
10 75 149 278 282
116 122 151 203 227 263
21 83 85 239 273
20 26 181 210 279
1 40 187 201 214 252
53 82 117 202 243
62 87 183 248
16 163 229 266
138 182 192 193 199 257
36 67 198
92 105 171 242
33 139 180 208 277
17 70 101 236 272
25 73 111 175 235 300
3 15 159 207
22 44 81 241
66 109 118 173 258
79 86 115 260
8 47 50 230
102 145 153 166 256
99 126 176 185 271
37 100 104 191 246
48 59 98 200 290
96 97 137 148 245
127 136 144 190 218
76 77 132 232 262
42 45 128 196
112 124 141 225 237
6 129 133 215 270
4 74 178 209 268 275
71 131 143 204 220
