10 124 148 402 467 657 684 692 792
52 480 713 728
87 389 487 722 740 801
250 314 430 589 796 890
324 377 403 825
390 417 423 639 805
64 278 505 793 809 827 850
9 46 48 272 292 355 591
84 183 415 549 671 701 705 757
44 209 386 593 795 824
233 296 416 502 597
13 14 55 139 267 492 504 576 596 617 693 894
31 210 421 785
280 484 550 642 683 778 811 818
108 156 159 370 481 739 882
138 170 202 438 489 594 848
201 251 553 573 699 859
74 362 429 518 525 759 788
387 527 567 770 781 844 851
24 79 335 455
141 749 889
36 68 281 443 599 833
51 200 253 319 610 816
120 238 265 290 431 734
83 263 418 677 846
220 512 697 853 887
49 385 495 682 779 791
19 43 224 351 524
134 400 409 545 877
20 119 260 348 361 407 437 776
151 298 333 420 448 706 828
42 99 176 578 836
190 223 225 299 422
172 231 288 560 618
131 140 382 503 772
312 440 451 534 700 789
196 241 380 607 747 821
211 426 871
8 269 271 289 552
295 321 392 702 812
718 746 764 773 814 891
22 23 537 605
38 363 643 774 835
37 542 629 640 752 865
47 393 520 603 651
236 381 526 633 666 756
97 145 259 394 470 507 650 704 899
103 315 458 601 694
311 710 765 879 900
332 349 662 681 748 797 810
221 325 479 696 802 856
54 372 570 675
61 261 563 615 838
30 330 433 790
32 98 519 688 782 875 895
86 174 234 275 491 609 799 885
57 85 450 456 514 628
277 304 587 600 849
80 342 396 547 673 862
364 468 562 648 652 653
