10 38 194 266 403 449 497 535 572 722 852
153 206 374 442 490 588 810
320 389 603 649 702 871
36 149 338 589 619 800
145 262 550 630 672 781 842
80 98 458 568 627 796
60 732 747 769 851
46 85 297 482 711 815
14 235 313 337 407 807 896
39 123 467 648 661 735 756
191 464 505 671 806 808 854
78 162 223 855
263 622 688 799
302 393 469 826
126 143 461 477 718 802 875 889
2 102 172 187 385
12 83 640 830
293 366 596 638 787 820
152 185 220 375 585 857
15 473 626 717 768 856
71 270 318 425 590 850
32 133 325 514 642 884
69 106 323 583 639 656 849
260 411 678 729 792
225 278 432 520 634
345 517 537 563 569 647 720 752
154 241 364 383 566 726 760
89 164 207 704 712 847
196 373 553 608 694
33 531 666 681 812 868
290 413 504 548 741 746
146 287 329 340 444
103 328 332 416 693 748 859
48 178 706 751 876
129 131 487 680 774 811 816 843
114 216 269 344 394 621
77 234 321 371 470 554 824
212 245 518 652 775 848
81 168 273 372 459 892
365 584 665
180 236 282 307 368 404 614 840 863 893
72 87 309 378 456 491
54 171 242 620
21 22 326 631 683 685 703 715 883
124 267 316 380 484
109 125 205 265 612 725
118 182 561 565
175 238 257 420 692 862
296 623 637 779
492 594 609 615 701 793 805
92 116 208 696 762 874
327 435 698 864
453 742 777 838
94 141 331 363 474 593 790
25 31 667 761 818
61 100 558 757
166 319 330 336 727 882
75 163 489 502 877
4 179 285 616
253 399 417 507 515 763
