209 280
73 93 438 749 773 827
211 311 463 522 602
182 401 416 446 489 614
634 698 731 787
87 277 421 627 737 795
158 538 730 798
98 119 320 573 638 718 892
225 436 529 688 882
362 621 766 829
146 187 545 569 822
59 236 334 356 637
220 263 684 872
70 121 378 543 646
173 274 321 497 673 888
72 94 210 644 660
201 551 818 823 887
26 199 394 461
153 180 231 898
96 114 335 640 844
176 558 609 657
493 649 654 900
19 610 777 856
411 504 867
507 521 691 801
66 371 439 459 806
202 314 733 826 865
8 118 132 288 632 868
89 90 113 125 422
373 576 674 774
369 424 434 834
49 107 189 352 444 476 716
380 399 458 564 837
71 318 619 738
237 713 791 873
41 57 414 467 695 745
298 464 672
23 245 426 537 893
194 264 271 348
256 307 870
286 821 832
163 219 240 270 408 686 874
100 578 687 863
86 200 347 386 544
13 354 396 860
222 223 287 495 546 590
15 56 103 265 289
150 604 677
213 249 306 890
126 192 395 643
35 266 326 642 792
285 345 353 641 849
292 375 418 724
127 282 313 383 852
53 63 508 539 652
91 341 377 429
164 553 598 895
6 159 316 567
154 218 260 388 768
255 281 355 562
