263 311 458 739
371 463 578 690 708 711 759 792
83 347 389 426 468 650
249 373 377 460 752
85 104 324 394 512
214 694 737 846
23 287 481 663 865
42 300 542 717 878
94 374 712 775
145 402 425 449 469 566 573
154 348 639 788 830 863
60 387 538 596 666 706
49 101 262 420 494 675 740
415 565 646 659 804
150 297 316 461 479 654 815
44 251 644 758
67 200 271 421 558 826
58 275 286 577 800
180 352 551 877 891
334 518 564 604 820
36 260 556 649 811 821
133 281 325 522 599
379 470 485 856
109 412 428 452 736
431 487 521 598 684 783
434 656 734 825 849
320 696 763 768 845
77 227 584 721 831 832
125 261 360 427 634
392 462 560 568 688 889 894
195 239 294 524 667
21 132 303 447 651
143 369 416 490 746 837
1 48 119 244 339
237 269 384 807 857
169 333 398 454 467
16 128 188 530
164 508 697 795 885 900
78 498 732 742 853
105 162 322 480 493 726
80 340 403 439 464 600
39 70 205 397 455
4 98 171 620 714 888
3 280 361 375 679 854 898
309 329 433 576 791
137 220 314 631
210 229 514 569 705 733
34 47 359 365 388
114 276 306 731 765
27 372 509 536 660
52 179 317 401 505
327 409 602 710 867
87 178 284 610 642 787
79 100 217 358 592 790
299 354 441 526 686 818
353 367 626 630 738 766
64 135 151 187 534 873
147 331 407 554 841
40 190 319 406 629 638
184 338 588 657 802
