56 63 195 256
34 105 205 210 237
154 168 246 277
35 130 199 263 282
38 66 80 111
32 110 268
30 104 160 206 231 253
27 41 96 233
39 52 72 94 112
1 7 217
65 90 140 185 188 211 244
43 71 107 124 214
11 46 182 192
22 61 93 119
42 57 95 269
25 70 212 220 251
26 55 230
58 123 169 226 255 261
31 51 69 152 165 248
88 162 167 239
113 134 142 161 174
135 145 172 194 264
29 84 103 106 208
54 150 234 272
147 158 164 189 223
9 114 221 254 278
23 91 157 216 259 280
18 207 241
14 89 108 120 128 228
75 143 149 180 247
5 45 116 122 227 271
13 73 82 219 257
10 20 40 181 289
24 78 179 262 265 270
53 117 141 202 245
62 87 183 184
16 28 163 229
2 99 138 155 201 235
36 198 203
19 68 92 171
8 85 139 249 274
17 67 101 236 258
4 175 193 242 266 317
3 21 243 250
44 64 81 156
109 173 187 291 300
79 86 115 260
47 49 50 273
102 153 166 197 238
12 15 126 151 281
100 121 159 191 290
48 59 98 200 252
97 118 137 148 186
127 136 144 190 218
76 77 125 132 232
33 170 222 279
6 177 196 215 225
60 83 129 133 224
37 74 146 178 209 213
131 176 204 240 275
