159 357 609 644 664 844
148 285 328 403 523 842
352 354 550 670
10 221 515 546 549 600 770 775
227 260 315 370 415
5 22 502 521 625 712
39 89 143 166 179 292 297 334 359 371 596 680 708 735 755 768 880 895
95 169 245 592 714 766 791 829
573 692 719 801 809
458 500 728 762 800 863
187 189 233 303 362 391
109 247 462 642 643 727 868
193 358 445 640 756 798 804
128 373 393 410 677 710 875
68 72 381 522 667 685
27 62 94 759 835
113 134 257 382 383 553 695 848
17 172 199 252 581 694
156 235 270 327 736 748 892
163 269 372 457 473 547 628 689
18 34 338 425 601 684 745
9 175 224 325 376 390 559 668 749 764 820
133 353 461 475 478 707
126 127 564 585 811
174 216 336 363 469 604
90 106 181 508 683 757
242 339 380 514 627
13 280 476 536 563 805
209 219 319 543 545
60 446 634 674 698 826
151 215 255 360 492 740 870
83 556 570 658 739 743
87 256 385 399 433 472 872
119 337 540 794 813 833 898
49 384 544 769 873 876
30 311 437 440 454 465 887
160 305 638 784 814
11 99 180 296 509 561 763
125 307 413 632 646 776
85 96 246 273 584 593
38 138 366 442 699 827
155 300 418 641 796 884
447 452 491 616 817 841
69 98 136 308 449 761 783
44 192 591 663 843 883
51 108 170 350 496
74 214 265 474 659 720
121 176 223 560 565 690 851 858 859
104 137 423 444 566 580 706
213 451 795 867
15 55 154 203 281 369 526 696 861
226 276 552 569 666 819 840
117 229 264 453 645 669 789
217 237 394 396 409
32 35 234 459 725
64 115 343 365 412 480 657 869 888
184 436 548 572 671 691
40 75 101 167 494 571
177 188 284 342 575 693 847
253 261 407 419 653 726 778 787 846
