173 289 954 965 975 1562 1565
723 1005 1366 1479
221 737 1059 1154 1172
339 462 1033 1242 1310 1456
413 552 611 674 901 1174
317 487 682 886 1235 1280
260 535 747 783 919 1463
198 445 1066 1461 1466
206 235 357 702 734
131 257 498 654 774 1054 1294 1361
11 528 981 1088 1228
216 716 1008 1364 1465
369 465 1023 1167 1449 1551
322 424 505 1018 1201 1339 1477
174 190 740 899 1028 1450
27 145 604 831 1024 1353
386 583 949 974 1273 1407
295 470 615 721 1029 1149 1255
92 241 304 1569
82 1027 1229 1453 1478 1586
107 293 331 408 432 541 622 1015 1208 1412
76 121 126 457 520 1047
9 274 527 806 833 1103
265 463 812 1064 1419 1421
302 382 813 828 1108 1354 1357 1588
33 693 996 1143 1574 1580
488 859 924 1171 1540 1542
99 306 1039 1344 1484
325 719 1068 1296 1328 1556
548 549 590 930 1067 1202 1238
195 422 1006 1123 1418 1582
134 208 453 853 1014 1347 1530
242 512 1035 1144 1281 1560
230 279 286 526 581 742 1038 1241
68 112 1165 1360 1406 1507
259 341 689 1417 1522 1585
245 252 473 591 826 978
398 636 643 1429
75 261 362 1193 1226 1291 1427
52 844 1020 1063 1104 1547
405 477 482 993 1048 1234
323 330 390 492 746 1408
133 149 645 1221 1264 1521
231 507 906 1121 1274 1489 1532
182 544 775 1055 1107 1170
625 644 910 955 1292 1492
665 880 912 999 1079 1351 1414
614 752 823 849 1378 1474
91 104 141 355 1056 1373
108 375 406 890 1415 1435
352 404 409 437 950 1381 1384
81 554 609 840 991 1365
305 545 956 1096 1306 1496 1575
53 537 594 789 1025 1041 1403
29 239 559 874 983 1212 1379
151 493 757 960 1272
67 388 441 701 1135 1576
234 363 446 529 762
297 334 356 601 834 1399
80 127 183 1383 1410
20 282 1097 1122 1380
4 650 1052 1110 1259 1289
311 939 1114 1177 1265 1573
436 562 792 1092 1125 1152 1283
277 327 659 802 1330 1411
128 558 627 951 1049
88 516 820 1203 1518
51 1101 1191 1312 1539
16 580 586 1256 1270 1596
515 651 931 985 1136 1190 1555
50 451 500 942 1268 1515
79 110 602 678 758 883 923
536 845 882 963 1214 1338 1342
448 898 929 1012 1398
89 154 256 410 484
39 227 854 881 1305 1462
187 191 266 337 499 1016 1113 1490
181 213 686 909 1295 1329 1424
915 1037 1288 1451 1470
34 100 324 1099 1561
