189 644 839 905 1321 1379 1429
422 723 801 1005 1445
37 83 287 898 1073 1442
90 232 326 420 520 664 946 1189 1457
52 161 522 589 766 949
768 866 1027 1097 1129 1233 1432
8 721 1044 1095 1519 1534
410 602 758 767 1090 1144 1377 1484
94 204 236 647 781 1072 1343 1458
106 121 155 198 277 1178 1361 1566
126 140 681 730 940 1057 1328
9 19 64 72 201 642 1001 1024
79 101 370 465 1062 1174 1399
245 748 817 1260 1291 1419 1491
249 346 368 587 921 1460 1462
40 82 108 474 1055 1231
307 341 387 820 1020 1068 1531 1589
11 143 529 686 783 1199 1222 1402
20 69 100 717 752 1182 1271
125 216 479 624 656 663 1157
15 119 230 424 454 691 922 1010 1320
36 62 443 476 535 987 1246 1398 1558
167 207 808 969 1239 1383
105 473 634 930 1065 1360 1570
828 912 927 1150 1281 1448 1465
231 377 528 626 630 814 925 1364
206 306 849 947 1124 1594
171 172 610 1079 1254 1494
219 229 444 1030 1159 1169 1266
122 156 835 908 986 993 1051 1071
53 242 282 293 372 914 1325 1335
47 174 688 823 1014 1023
30 59 290 510 825 1011 1276 1357 1545
32 815 888 1148 1308
199 246 283 395 1130 1234
89 314 447 482 489 604
591 742 1003 1093 1245 1353
590 698 832 1025 1227 1373 1510
188 331 403 504 738 1145 1463 1599
23 88 203 298 355 365 895 1047 1133
234 275 503 519 704 812
134 222 253 269 398 843 889 1333 1533
149 154 313 518 718 1028 1082 1280
367 412 576 584 608 684 944 1100 1202
209 379 462 848 891 994 1530
223 653 706 759 934 1017 1385 1389
478 507 887 1015 1444 1561 1563
292 415 525 997 1109 1214 1319
655 1048 1228 1349 1578 1579
117 329 380 953 1195 1315
14 98 127 321 448 646 774 1049 1161
132 261 1007 1323 1434 1525 1532
305 486 877 1125 1540
39 345 597 794 863 897 1342
148 441 453 463 696 840 1258 1466
494 762 1060 1370 1424 1555
109 338 631 693 724 861 1350 1571
417 1029 1098 1131 1176 1196 1250 1251
297 391 578 1236 1446 1536
675 773 880 906 1108 1524
623 670 679 967 1151 1163 1354 1568 1588
343 432 547 981 1252 1269 1473
133 455 860 883 884 1490
22 396 570 864 1232
320 854 931 1026 1066 1267 1468
26 302 491 673 751 1086 1147 1170 1336
60 317 582 710 918 1194 1226 1282 1431 1560
31 70 399 1074 1076 1132 1286 1358 1400 1436 1565
374 1198 1277 1527 1535 1585 1591
295 333 818 833 867 1056 1075 1278 1305
68 187 356 569 943 1123 1128 1329
344 744 796 909 932 1038 1237 1248 1339 1453 1577
73 136 369 942 1253 1486 1587
248 607 660 896 1013 1387
676 703 1179 1378 1477
75 267 271 353 690 1188 1345 1511 1523
107 179 192 299 359 736 784 1067 1427 1553
55 564 844 1105 1113 1296
145 716 923 952 1207 1470
124 264 428 508 558 1310 1395
