125 150 173 202 325
191 263 283 289 303 318 418
6 17 38 314 349 416
141 145 159 255 363 415
172 190 199 205 342
44 128 130 235 362
8 72 76 249 316 373
50 70 99 269 402
1 102 131 297 385 393
55 67 184 219 310 335
100 124 195 312 409 414
18 170 216 258 355 404
3 34 92 306 372
37 45 138 273 381
73 110 143 247 367
40 83 177 305 456
71 229 239 321 343 403
35 147 234 394
20 69 241 260 350
112 117 154 155 319 411
91 95 152 280
2 62 186 279 375
5 78 221 287 384
21 105 238 265 386
36 46 194 313
31 41 54 304 353
134 149 185 295 426
164 178 201 292 332 422
33 89 116 140
19 27 98 156 444
133 153 192 327
174 196 206 208 330 408
16 26 106 267 387 459
15 168 222 281 346 391
79 123 135 356 421
115 169 237 278 347 378
24 48 230 341 376
118 214 261 272 333 428
75 160 188 244 340
23 162 165 291 395
56 101 113 136 294
66 146 197 257 326 382 434
13 211 215 251 254 400
224 225 231 240 302 344 431
59 151 182 218 317
90 232 245 284 285 360
12 58 85 179 331 392
42 52 64 193 282 351 374
96 104 171 324
61 108 181 253 377
163 198 212 361 451
51 114 132 220 366 438
49 161 210 368
11 29 53 236 315 401
32 57 120 148 328
9 121 166 175 365
144 243 264 277 354 390
4 157 209 364 410
39 87 259 268 348 396 417
80 84 137 301 369
139 167 274 293 308 425 433
176 200 207 299 336
47 82 275 398
22 63 107 296 407
204 248 250 276 320 389 435
74 77 246 329 397
88 109 242
189 213 252 370 371
14 93 126 309 358 359 406
10 180 217 298 337 383
158 183 233 288 334 405
43 65 223 352 423
25 30 68 311 339 412
129 262 270 300 307 345
60 203 226 256 379
28 227 228 271 322
94 119 187 286 338 413
7 103 127 290 429
97 111 122 266 380 388
81 86 142 323 357
