89 905 920 1163 1434 1565
13 526 890 1118 1583
248 273 596 634 776 1527
413 1044 1148 1174 1183 1504 1516
167 267 317 417 894 1255
518 851 886 1126 1575
184 295 519 562 768 787 1432 1587
50 130 377 651 695 760 937 1210 1453 1478
131 528 534 567 1275 1507
111 468 517 632 1049 1077 1369 1389 1497
652 672 917 1212 1307 1426
37 112 217 427 803 1340 1462
415 600 981 1326 1329 1380
122 168 647 964 1042 1325 1531
220 249 355 444 757 797 1147 1176
88 259 406 507 1011 1313
459 668 769 1000 1276
63 495 745 747 1199 1270
345 502 1025 1188 1286 1592
369 395 407 930 1412
103 140 513 547 1263 1465 1538 1568
183 636 814 871 949 1391
278 344 484 698 699 1213 1409
265 371 723 1420 1540 1570
188 253 551 610 700 795 1012 1136 1285
82 120 744 866 996 1280
234 290 510 644 959 1182 1481
408 506 765 1156
238 442 624 826 946 1138 1350 1377 1533
287 352 654 948 1071 1223 1579
244 655 1019 1226 1303 1366 1378
246 499 845 912 1014
105 179 242 784 984 1547
32 460 546 1076 1273 1466 1487
511 1092 1196 1300 1394 1475
95 123 192 292 310 361 523 1399 1448
2 308 320 449 505 509 701 1556
347 402 410 791 852 892 1256
43 148 160 289 966 1291
30 832 1022 1114 1219 1224 1261
146 206 322 736 766
311 457 746 873 895 1177 1222 1408
211 514 921 1220 1282 1422 1444 1536
274 302 443 772 792 1336 1413
241 387 604 1192 1259 1385
93 141 216 303 625 1211 1356
203 608 642 674 1145 1327 1584
124 163 360 467 477 922 1026 1337
62 64 326 362 640 999 1005
106 412 994 1407 1471
212 286 666 874 983 1032 1342
114 378 544 1013 1101
98 671 950 1217 1281 1552 1578
594 605 926 985 1332 1449 1499 1505
39 263 373 489 601 731 860 1411 1492
9 107 725 1311 1318
186 194 820 835 876 899 954 1034 1252
4 597 662 805 931 938 974
12 364 420 822 1087 1120 1593
100 432 481 631 675 1008
97 180 325 554 687 1027 1459 1508
440 889 1289 1316 1339 1555
86 306 478 623 767 1236 1239 1414
545 763 1186 1240 1269 1431
219 430 609 719 737 741 1312
454 485 491 591 670 1577
199 566 571 598 991 1347
8 193 592 823 1430
36 214 730 781 1056 1072
157 488 611 867 1067
452 563 584 656 673 808 887 1124 1392
45 392 715 804 1103 1195 1513
536 575 599 726 770 1074
397 549 657 669 1132 1363
470 629 849 1446 1460
33 910 919 1009 1162 1496
187 414 777 816 1016 1335
516 586 857 909 970 1246 1423
145 165 174 637 1429
843 1119 1400 1512 1525
