590 757 792 1063 1321 1469 1556
388 490 552 577 1032
57 65 296 298 1381 1493 1503
145 219 300 510 893 1542
36 278 584 677 1085 1443 1491
44 50 128 317 517
72 108 846 1176 1392
162 199 288 399 837 1457 1522
357 629 948 1031 1445
694 884 903 942 1078 1318 1485 1551
193 251 382 491 931 1012 1252
107 546 683 830 902 1250
325 349 617 1111 1369
272 766 869 1185 1455
87 121 143 667 678 890
96 177 230 516 1289 1292
239 291 575 1295
339 430 613 749 774 891 1329
130 576 634 889 1519
115 331 377 691 966 1590
245 289 348 537 1221 1593
126 282 439 1417 1444
5 558 1222 1272 1537
71 731 797 804 1212 1405 1421
313 745 1003 1281 1285 1548
744 763 938 1033 1135 1158
14 155 1279 1294 1404 1540
241 524 927 1209 1558
140 539 692 752 1159 1384
19 582 844 1006 1020 1504
123 392 483 554 672 728 748 979 1365 1507
76 79 206 233 415 1261 1362 1422
16 164 652 1523 1547
102 481 484 671 888 1047 1544
457 504 688 1146 1175 1572
443 465 785 821 907 1052
55 135 292 330 1277
150 420 568 706 1499
220 323 808 1132 1323
195 197 384 444 912
62 405 417 564 736 770
398 487 843 1005 1284 1346 1475
67 73 122 722 909 1030 1117 1180 1182
270 376 1070 1093 1154 1225
274 426 839 940 994 1171 1337 1352 1466
90 297 414 505 559 565 716 983 1385
1 20 246 1231 1482 1584 1588
285 477 949 1043 1383
91 125 262 759 1089 1373 1552
205 375 463 531 587 1038 1244
372 455 550 551 1463 1579
68 287 795 824 1016 1217
341 358 425 567 681 880 1120
22 26 75 148 216 479 863 1198
3 170 328 601 684 798 820
94 521 553 662 734 836 1090 1302 1315
105 363 535 733 896 981 1073 1096 1390
307 332 817 867 1344 1473
7 268 302 373 476
1134 1233 1264 1308 1317
196 435 461 654 959 1009 1188 1310
149 178 334 342 509 1259 1481 1546
106 224 243 412 935 1524
431 619 638 1128 1412
459 1267 1411 1532
445 696 727 995 1055 1168 1194
453 563 680 743 771 991 1296
236 238 556 853 855 922 1407
100 1112 1273 1328 1574
488 721 806 829
596 658 1026 1164 1214 1237 1437
93 184 336 401 970 1147 1577
25 171 183 482 990 1358 1513
119 151 314 397 1166 1449
294 600 651 849 1218
213 448 514 998 1372
89 790 858 910 1370 1479
403 1025 1423 1535
247 257 305 1562
2 279 428 828 1450
