674 777 903 950 1015 1279
170 396 740 829 989 1534
390 727 914 1233 1323 1388 1493
228 606 1125 1157 1174 1358 1461 1571
169 209 589 611 1391 1589
74 105 1154 1365 1525
17 222 398 515 602 679 687
520 561 565 616 935 1309
35 123 401 673 729 794
62 154 303 991 1149 1392
346 393 569 627 879 1517
126 241 642 665 1215 1368 1528
99 275 399 646 718 978 1009
248 505 541 576 827 1491 1497
190 227 1237 1327 1430 1443 1555
116 384 973 1002 1045 1061 1089 1274
9 853 921 964 972 1276 1597
292 747 779 1240 1270 1278
96 301 332 686 884 1170
257 282 688 800 1047 1418 1486
84 141 258 652 693 726 868 1128 1138
76 215 327 470 867 896 1224
42 71 168 519 699 862 1167 1289 1397 1417 1569 1600
66 449 620 932 1069 1483
194 525 647 722 737 784
31 244 723 873 1195 1230 1470
53 548 804 850 908 1414
210 229 770 1091 1460 1505 1573
732 871 1027 1073 1402
175 297 351 811 890
410 485 639 1022 1096 1335 1339
57 462 625 638 781 788 1066 1191
90 360 433 527 555 824
46 540 1251 1275 1325 1487
308 310 710 882 901 1177 1415 1539
130 819 821 1016 1192 1277
7 324 454 960 1030 1359 1515
100 118 272 595 864 1012
160 375 1209 1538 1545
180 251 331 570 692 1120 1207 1396
113 146 373 713 848 1458 1512
51 253 504 624 1141 1346
366 497 774 889 1084 1282
217 455 460 739 772 902 1121
448 837 1001 1322 1507 1595
54 93 329 590 1492
13 406 459 507 604 1092 1467 1565
137 426 432 959 1143 1436
125 309 619 786 796 1081
19 87 266 411 445 1206
235 409 1014 1107 1178 1351
108 394 664 923 940 1013 1290
880 956 1334 1401 1501
236 378 584 1067 1109 1260
73 114 240 336 583 999 1219
494 557 755 931 1210 1354
104 165 193 338 600 920 965
23 103 436 509 581 736 1104 1145 1344
376 447 720 834 863 1475 1481
48 456 571 628 820 1164
463 612 750 998 1383 1598
285 481 1229 1329 1395 1484
47 120 400 971 1338 1537
129 136 139 886 918 1048
276 358 719 768 1004 1399
450 491 518 828 1165 1563
28 554 599 680 682 1079 1197 1374
20 1017 1020 1142 1291 1441
50 115 370 414 438 766 1331
439 506 875 954 1018 1159 1428
469 650 865 1058 1235
184 637 832 1139 1199 1253 1560 1577
668 977 1411 1462 1463 1567 1587
78 339 746 817 1053 1243 1302
64 135 224 852 1122 1156 1264 1527
157 353 415 1343 1372 1404
381 412 648 846 1371
111 337 419 556 577 1320 1452
147 359 496 814 1101 1221 1472
34 230 305 856 1057 1448 1504
