280 873 967
354 1005 882 495
1106 6 1382 1521
255 1282 1141 249 1110
298 199 1030 985 544
426 1154 240 695 158 72
1426 865 562 1543 806
619 646 446 59 211
467 1518 1146 1356
429 867 553 654 1353 1188
863 821 1124 1461 1137
1246 1149 1173 103 422 1210
386 1441 369 436 1260
766 1557 1332 1278 638
898 434 73 870 438
900 396 973 673
459 1295 1378 282 660
150 35 286 829 569
1228 610 380 1004 1424 1505 1421
1478 731 292 1453 1192 1593
289 698 1086 8
952 401 1592 1261 1594
738 1572 1303 1389 87 53
687 657 201 91 929
194 1354 567 890 733
644 356 1158 266 538
335 1279 545 1534 1059 874 1127
674 1288 306 940 176
1316 89 237 992 1440
590 684 1212 643
934 677 1198 313 852 19
458 1021 231 1428 1031
1285 652 1206 1100 476
872 371 860 691 1245
1367 418 1406 463 399
489 768 1359 1395 1016 66
263 1503 737 383 1178
844 1551 856 1187 316
375 1480 362 688 986 1010
1183 837 1516 444 219 355 182
113 1495 56 352 321 1266
265 893 163 1224 672 1033
954 609 649 632 222 1002
281 274 602 1555
1565 218 1504 86 700
1514 1232 908 801 522
521 887 424 642 818
849 539 1321 1512 1490
125 1220 287 537 394 892
1454 288 347 1305 1546 724
543 822 439 277 41
1116 1270 1027 1129 408
210 318 935 245 1088 614 932
529 1109 507 220 1272 96 1573
461 57 913 798
173 1058 121 787 640
718 388 1306 1252 1312 192 341 1405 1515
1489 209 1062 223 1502 90
641 749 1115 578 948
189 395 348 126 895
576 745 1392 1579 320 1313
1049 285 311 1431 98 1450
1427 202 1038 686 132 1243
63 792 1048 1535 1590 200
920 1267 1104 1302 1052 1418
959 637 627 26 1326 827
1193 264 1203 823 421
1556 213 1394 15 414 1007
1540 730 573 910 43
180 1541 307 713 118 1011 71
1056 777 411 905 93 1425
271 773 154 868 1268
598 1171 146
1242 314 1185 236 993 493 722
256 1488 945 1098 260
937 497 774 1189 558
94 159 119 1483 1457
970 551 127 464 1319 834
1064 107 1315 604 791
914 1015 1561 1390 990
