280 873 967
354 495 882 1005
6 1106 1382 1521
249 255 1110 1141 1282
199 298 544 985 1030
72 158 240 426 695 1154
562 806 865 1426 1543
59 211 446 619 646
467 1146 1356 1518
429 553 654 867 1188 1353
821 863 1124 1137 1461
103 422 1149 1173 1210 1246
369 386 436 1260 1441
638 766 1278 1332 1557
73 434 438 870 898
396 673 900 973
282 459 660 1295 1378
35 150 286 569 829
380 610 1004 1228 1421 1424 1505
292 731 1192 1453 1478 1593
8 289 698 1086
401 952 1261 1592 1594
53 87 738 1303 1389 1572
91 201 657 687 929
194 567 733 890 1354
266 356 538 644 1158
335 545 874 1059 1127 1279 1534
176 306 674 940 1288
89 237 992 1316 1440
590 643 684 1212
19 313 677 852 934 1198
231 458 1021 1031 1428
476 652 1100 1206 1285
371 691 860 872 1245
399 418 463 1367 1406
66 489 768 1016 1359 1395
263 383 737 1178 1503
316 844 856 1187 1551
362 375 688 986 1010 1480
182 219 355 444 837 1183 1516
56 113 321 352 1266 1495
163 265 672 893 1033 1224
222 609 632 649 954 1002
274 281 602 1555
86 218 700 1504 1565
522 801 908 1232 1514
424 521 642 818 887
539 849 1321 1490 1512
125 287 394 537 892 1220
288 347 724 1305 1454 1546
41 277 439 543 822
408 1027 1116 1129 1270
210 245 318 614 932 935 1088
96 220 507 529 1109 1272 1573
57 461 798 913
121 173 640 787 1058
192 341 388 718 1252 1306 1312 1405 1515
90 209 223 1062 1489 1502
578 641 749 948 1115
126 189 348 395 895
320 576 745 1313 1392 1579
98 285 311 1049 1431 1450
132 202 686 1038 1243 1427
63 200 792 1048 1535 1590
920 1052 1104 1267 1302 1418
26 627 637 827 959 1326
264 421 823 1193 1203
15 213 414 1007 1394 1556
43 573 730 910 1540
71 118 180 307 713 1011 1541
93 411 777 905 1056 1425
154 271 773 868 1268
146 598 1171
236 314 493 722 993 1185 1242
256 260 945 1098 1488
497 558 774 937 1189
94 119 159 1457 1483
127 464 551 834 970 1319
107 604 791 1064 1315
914 990 1015 1390 1561
