63 619 873
388 489 544 1005
937 1106 1154 1521
371 818 1129 1282 1457
89 298 421 700 970
240 354 426 695 892 1551
146 495 562 865 1543
59 638 646 872 1424
200 724 1146 1518
287 321 394 429 553 1098
245 821 863 1124 1461
569 604 940 1149 1173 1246
26 222 386 1440 1441
766 806 1332 1557 1573
98 192 434 852 898
396 673 900 973
71 1127 1295 1378 1426
90 119 286 288 713
15 163 320 610 730 1004 1505
292 731 1192 1453 1478 1593
289 698 1086 1590
94 380 401 1515 1592
738 1303 1382 1389 1490 1572
870 1206 1261 1319 1405
86 929 1266 1392 1395
8 644 660 1158 1243
335 369 545 733 1279 1534 1540
6 306 356 890 1228
237 375 992 1278 1316
176 249 684 1212
313 677 787 834 934 1198
231 458 1021 1031 1321
113 173 687 1100 1285
383 637 674 691 993
399 418 463 1367 1406
411 768 829 1356 1359 1546
35 266 860 1030 1503
103 118 856 1016 1187
87 362 632 688 1116 1480
72 444 837 874 1183 1210 1516
281 652 1033 1312 1495 1512
66 199 255 265 424 718
282 352 609 649 954 1579
125 602 867 986
53 96 882 1504 1565
522 908 1232 1421 1514
521 642 643 887 932
436 438 539 849 1428
271 537 844 1110 1220 1431
316 347 967 1059 1305 1454
194 277 439 543 822
43 948 1010 1027 1270
19 318 476 773 1088 1224 1450
220 507 529 576 614 1109 1272
461 798 913 1188
91 121 464 1058 1353
150 201 263 341 737 935 1252 1260 1306
210 218 459 1062 1245 1489
578 749 910 1115 1189
189 348 745 952 1011
41 56 211 467 895 1137
311 355 1007 1049 1141 1288
202 573 672 686 868 1427
285 657 774 792 1048 1535
920 1052 1104 1267 1302 1418
154 558 627 959 1002 1326
57 264 823 1193 1203
132 213 1178 1354 1394 1556
93 126 414 538 641
180 209 307 567 990 1425 1541
182 219 223 777 905 1056
73 408 985 1268 1502
598 1171 1555
236 314 446 493 654 1185 1242
256 280 395 945 1488
260 274 497 640 1313
159 722 893 1038 1483
127 158 551 801 827 1594
107 422 791 1064 1315
590 914 1015 1390 1561
