57 610 937 1358 1426 1598
354 663 673 806
29 73 223 574 662 1382 1441
6 620 740 1190 1218 1583
150 190 545 611 1085 1205
102 128 130 1070 1580
8 324 436 933 1231 1492
773 976 1018 1144 1214 1424 1573
127 258 466 818 1069 1467 1519 1526
184 477 553 861 1034 1099
132 708 1081 1088 1368
257 527 758 900 1019 1446 1494
92 465 749 859 1062 1304
37 38 505 804 1005 1319 1455 1560
115 220 411 629 635 674 1292 1569
413 994 1017 1187 1267 1590
9 71 814 1126 1295 1378
234 379 423 615 1208
201 889 904 1162 1579
593 978 1047 1114 1182 1261
15 34 149 347 406 998 1196 1421
215 288 457 1376 1444
727 928 1176 1352 1506
66 356 542 580 930 974 1377 1447
138 581 774 1113 1148 1199 1425 1502
419 447 630 808 922 961 1004
160 262 1203 1288 1301 1313 1496
306 408 506 659
584 594 625 960 1166 1462 1535
140 173 244 412 728 809 1146 1221
235 305 606 793 1480
5 381 458 502 572 939 966 1002
512 652 1035 1209 1406
233 371 540 695 1155
123 567 848 1367
471 1192 1275 1294 1581
186 866 868 1083 1276
26 830 832 1028 1236 1252
618 664 777 834 1225 1416 1538 1592
77 844 912 1518 1563
614 736 780 1078 1379 1394 1458
182 197 492 507 1234 1251 1442
649 672 1197 1201 1471 1540
274 894 919 1173 1202 1308
917 993 1322 1398
81 263 325 516 1098 1177 1389
41 58 333 434 1079 1298
195 390 484 517 599 605 1392
392 712 781 1023 1393
386 486 683 684 1206 1325 1450
227 433 769 965 983 1051 1115 1485
315 544 706 798 862 1013
10 21 828 1215 1284
11 20 135 716 1361 1453 1547
120 203 800 932 956 1076 1094 1287
521 775 957 1316 1342
283 329 400 426 1090 1135 1326
165 185 326 784 1489
39 373 385 417 719 1437
177 268 279 571 820 876
75 534 548 628 745 1175 1291
4 139 176 250 1254 1264 1537 1552
499 705 984 1283 1306
1003 1186 1515 1524
56 341 430 481 495 617 1554
399 479 969 1260 1336 1387 1439
563 710 782 973 1510
49 514 707 812 1411
36 438 487 756 1440 1530
136 404 601 639 761 908 1039
469 713 839 1030 1056
271 473 786 877 958 990
68 82 369 444 1159 1338
117 533 898 951 1052 1167 1459
78 112 179 256 1074
582 792 899 905 1154 1567
159 187 410 714 1189 1542
50 483 810 870 871 1095
309 338 431 525 1562
100 352 914 1103 1145 1561
