277 281 439 643 1267 1408
26 573 608 669 681 698 1003 1032 1158 1259 1437 1574
16 63 196 252 1236 1381
238 455 1074 1272 1327 1415 1448 1509
552 701 775 827 929 995 1004
542 557 569 782 1169 1261 1515
17 279 379 402 947 1118 1276 1324
48 65 324 378 565 676 807 1014 1146
123 134 240 575 1137 1301 1477
12 131 652 1010 1098 1175 1588
100 335 374 545 1021 1043 1311 1484
636 642 1072 1446
161 242 528 588 626 1070 1210 1215 1433
1 579 818 1036 1088 1101 1224 1326
119 159 249 370 1024 1555
77 521 567 744 1132 1168 1200 1288
239 512 932 1286 1341
46 432 469 577 737 925 1328 1397 1418
298 480 622 837 948 1499
24 79 82 258 291 482 488 973 1085 1269 1459 1573
245 273 368 819 928 1464
137 287 323 471 780 1023 1431 1580
183 329 602 1436 1463
406 422 449 633 713 1188 1570
36 265 1218 1461 1491 1520 1534
21 57 321 1299 1479 1577
19 260 1089 1279 1294 1512
200 213 401 583 610 662 714 836 1297 1429
143 308 475 592 650 772 1256 1487
316 444 826 862 958 966 1178 1217 1361
153 233 934 971 1372 1390
425 562 625 1008 1278 1343
186 255 984 1011 1304 1481
394 693 732 875 1128 1211 1305 1316
126 129 520 921 1056 1584
155 332 395 619 767 851 1123 1172
251 473 593 609 856 1248 1424
550 646 967 1115 1369 1396 1510
74 558 863 954 1022 1126 1144 1506
456 663 1183 1533 1539
3 309 485 598 814
146 206 1081 1202 1389 1476
467 547 741 895 924 1439
23 41 224 586 859 1054 1334
313 361 410 518 937 953 993 1152 1162 1163 1368 1420 1589 1592
72 476 618 893 946 1087 1186 1187
61 634 702 1235 1351 1401 1483
212 897 978 1249 1379 1460 1475
125 192 706 797 816 832 1068 1456
53 173 257 922 985 1120 1287 1536
286 590 822 841 1167 1346
51 138 272 787 802 1519
31 211 390 470 486 1246 1540 1560
236 755 756 831 857 983
263 307 416 479 860 1417 1513 1559
10 163 175 431 738 1086 1208
67 114 366 498 699 1046 1135
621 726 988 1245 1419
91 147 268 282 420 697 956 1027 1096
348 417 749 1091 1263 1524 1553 1572
56 180 620 712 1053 1057 1216 1298 1478
94 259 686 1282 1331 1370 1416 1508
190 524 708 839 960 1221 1227 1239
170 256 529 690 847 945 1307 1371 1443 1480
9 83 154 244 333 351 491 503 1514
27 763 803 944 959 1019 1457
169 564 582 778 1179 1421
210 731 886 1020 1058 1113 1303
5 166 872 1112 1201 1470
78 267 433 511 679 764 1243 1391 1445
275 514 648 704 739 815 1150
15 127 135 574 898 1031
117 314 428 536 568 677
142 218 392 464 644 707 799
45 121 343 824 939 1065 1264
107 530 805 912 1000 1171 1250
195 408 437 563 773 1399
14 354 363 442 483 525 1290
96 247 372 421 1039 1283
278 418 555 711 889 1359 1400 1430 1432
