94 619 774 798 1314 1316 1375
78 454 918 1032 1116 1382
37 432 586 1233 1404
535 552 971 1235 1317
358 392 499 1085 1088
288 301 483 557 599 823 1283
239 306 320 333 398 1102 1472
1 324 394 405 438 985 1279 1492
69 174 322 530 620 939 1018 1489 1552
287 299 468 702 789 986 1124 1366
141 574 581 583 916 1108 1221 1368 1501
64 72 176 325 464 605 655 677 701 848 928 1288
92 313 399 1129 1307
437 451 519 561 859 1324 1537
132 263 434 471 684 760 1042 1359
27 158 253 524 842 1467 1586 1590
10 93 193 512 721 907 980 1033 1268
147 712 831 1047 1308 1557
23 123 205 260 381 459 517 628 731 845 886 1118 1400
16 232 290 449 1187 1230 1525
354 414 416 1112 1386
160 436 518 560 869 884 1083
70 117 430 567 778 1087 1383
497 715 723 890 1000 1064 1419
65 421 722 795 801 974 1061
128 248 540 694 753 1195 1239
314 335 563 658 682 927 1177 1249 1350
35 188 310 826 919 999 1421 1573
360 462 729 787 899 1396
21 50 201 569 987 1109 1163 1498
121 156 423 597 951 1412
20 55 196 783 821 978 1002 1058 1162 1261
26 140 431 924 1457 1506
32 510 666 749 964 972 1183
225 270 636 1367 1406 1531
215 304 341 1172 1199 1394
755 977 1231 1277 1434
75 526 861 1062 1228 1255 1287
331 817 966 1089 1194 1479
197 234 251 401 900 906 1097 1373
17 576 582 585 1409 1458
30 355 670 895 1070 1076 1100 1225 1358
340 342 359 494 950 1037 1276 1342 1416 1482
292 513 672 1222 1250 1296 1302 1548
428 448 626 736 1086 1130 1322
46 60 330 763 1015 1078
475 594 905 1389 1444 1495 1528
1072 1164 1252 1336 1392 1545
182 559 612 645 690 758
67 126 246 740 771 815 914 1113 1259
441 590 850 1073 1245 1384
492 532 630 894 962 1007
353 623 782 877 1125 1178 1215
34 479 500 580 992 1026 1050 1247 1370
148 173 913 1066 1094 1174
9 214 261 280 282 668 1381
592 696 724 780 835 936 1320
61 326 650 662 784 912 1424
172 296 896 945 1143 1211 1512
80 725 904 1210 1477
103 632 646 876 902 1301 1417 1462 1587 1593
49 539 765 838 1290 1480 1577
25 157 393 573 836 1284 1515
122 153 480 565 791 843 897 988 1349 1575
97 370 584 720 973 1055 1299
142 145 258 444 647 989 1559 1599
125 154 538 718 855 1399 1465
131 135 211 408 704 807 981 1093
51 364 455 751 1223
40 152 238 439 544 761 1217 1256
56 534 739 799 871 1022 1041 1075
374 671 793 901 1503 1572 1585 1596
5 297 482 528 800 814 1191 1592
178 649 948 968 1080 1393 1491
537 587 608 653 813 1431 1460
91 446 501 674 860 1115 1161 1305 1329
42 109 529 737 873 880 1374
102 134 200 609 659 830 1105 1136 1514
15 390 447 642 854 917 952 1459 1494 1560
81 133 262 676 1432
