194 202 272 364 731 1056 1521
217 221 354 495 515 989 1313
17 38 332 1110 1133 1409
253 327 740 1139 1349
406 574 988 1109 1197 1334 1492
168 851 852 879 891 1065
72 284 752 1027 1477
91 451 642 779 1158
258 352 541 910 1422 1445
443 689 738 872 1010 1154 1562 1582
143 313 380 938 977 1081 1311
438 616 800 847 932 1359
48 198 207 646 926 1043 1275 1330
63 648 737 964 1006 1333 1419
220 391 855 993 1168 1566 1592
670 1012 1083 1288 1325 1459
326 560 672 705 1127 1276
433 446 1270 1455 1469
15 159 440 610 936 955 1549
205 908 1217 1319 1494 1552 1554
5 121 146 290 651 975
117 437 535 571 721 1149
112 118 630 671 687 1272 1286
95 201 548 774 865 898 1570
315 1266 1327
54 276 488 1074 1135
474 480 570 1072 1112 1260 1387 1420
239 506 674 751 940 1291 1536
134 528 951 1073 1085 1211
103 116 557 742 1042 1045 1261
291 631 1204 1418 1542
196 782 892 970 1019 1033
533 550 585 984 1200
493 635 744 1079 1374 1380
55 64 340 1107 1117
187 639 1063 1234 1436 1447
93 102 611 921 1093 1294 1295 1404
79 214 588 710 1465 1558
148 257 565 1172 1501 1511 1518
244 460 663 860 1048 1248 1262
44 113 408 907 912 1021 1581
178 492 757 963 1070 1148 1284
12 618 694 1088 1192 1444
224 484 513 792 815 1000 1164
76 100 262 267 448 549 559 763 1015 1417 1489
136 556 656 690 798 804 946 1105
179 454 647 680 806 985 1371 1600
42 728 918 959 960 1539
287 786 949 1533
47 101 138 280 536 1036 1283
96 107 439 777 781 805 929
84 132 270 301 1030 1196
629 911 957 1028 1504 1540 1588
269 378 838 1326 1377 1403 1405 1453 1560
61 373 476 769 814 1337
156 604 632 1388 1546
37 285 693 983 1096 1250
29 110 413 947 950 1229 1344
640 659 686 719 1069 1345 1366
189 389 396 928 1143 1531
119 296 457 581 712 780 952
246 404 653 954 1016 1186 1249 1362
386 400 1227 1290 1305 1594
22 68 348 479 567 1184 1240 1317
88 390 584 696 895 1352 1466
227 749 956 1055 1128 1525
487 490 503 511 831 1306 1321 1523
416 526 723 965 1296 1439
531 750 810 839 884 1181 1479
160 402 829 1152 1231 1267 1569
158 398 421 426 673 743
357 591 890 1031 1268 1342
555 622 675 887 1187 1202
268 381 502 522 644 767 875 896 1129 1183 1271 1508
92 877 1066 1108 1215 1233
33 309 415 716 870
154 323 428 858 961 1166 1206 1209 1372
115 273 496 551 726 1277 1424
19 145 505 701 1035 1573
305 482 1147 1170 1340 1364 1473
