150 173 202 413 429
7 191 263 289 310 352 397
24 83 181 293 302 323
90 141 232 255 265 373
172 190 199 225 335
1 44 46 412 426
72 76 279 301 402 407
50 360 382 390 394
66 69 74 155 222 280
5 62 67 120 378 415
100 195 322 348 374 388
18 170 216 252 258 404
56 70 211 219 387
20 37 168 321 434
110 143 281 370 438
40 177 274 305 314
239 284 345 347 381 395
124 147 325 339
43 137 241 260 421
15 36 51 112 221 340
34 91 152 331
16 127 303 304 401
78 266 362 405 425
71 117 201 319 393
194 203 349 386
31 93 329 363 433
38 149 185 295 369
164 178 292 306 332 423
89 97 138 308
19 235 244 249 375
133 192 327 422
174 196 206 208 330 408
259 290 296 309 326 359
32 73 297 307 333 444
79 123 135 267 356
6 169 229 312 313 318
55 99 230 294 451
13 118 156 261 272 358
41 160 188 189 409
2 63 162 165 291
17 136 269 364 406
35 116 134 146 257 346 361
4 61 215 247 254 283
125 351 376 383 396 398 403
25 86 186 218 355
21 95 231 278 285 385
179 182 236 317 328 459
8 42 45 64 193 342 371
96 104 171 324
12 101 108 286 380
14 47 98 154 163
114 132 205 334 411 414
49 161 210 368
29 52 58 140 299 379
57 148 197 391 392
77 94 175 238 431
144 243 277 341 354 418
11 157 209 212 253
23 27 87 92 105 268 287
80 84 151 166 410
9 22 75 139 167 184 228
176 200 207 275 336
102 106 224 417
107 122 214 282 367
204 248 250 276 320 389 435
26 59 145 158 456
88 109 242
85 131 213 316 353
30 68 82 126 220 237 384
130 180 217 298 365 428
39 183 233 273 288 343
65 121 128 223 372
54 113 240 337 377 400
3 129 262 270 300 311
60 115 226 234 256
28 227 251 271 357
119 142 159 187 246 338
53 103 198 245 350
10 33 111 153 344 366
48 81 264 315 416
