123 221 383 532 653 689 1040 1071
170 506 617
111
6 1036
160 916
193 745
665 931
122 465
542 577
189
18 381 468 535 667 704
615
467 1035 1063
65 935
63 198 1093
422 646
523
775 894 901 1083
163 188
223 607
499 974
362 489 609 946 1000
1061 1072
169 382 498 1005
412 1011
95 210 211 655
54 185 235 410 671
707
69 136 920
201 579
224 629 813
229 453
87 504 816
354 380 404
430 973
645
79 109 696
384 403 720
125 997
511
176 204 736
318 714 963
152 252 345 427 439 463 578 592 681 912
317 791
84 155 603
688 799
129 133 231 337 350 485 743 756 921 942 1060 1091
22 432 734 918
146 1095
101 388 661
236 878

748 750 1056
222 359 757
34 323 536
259 411
648 932
179 416 827
208 385 861 1010
53 71 406
128 1029
255 336
529 582 814 851
570 746 919
240 423
174
104 849
320 393
166 673
460
811 927 970
438 686 1046
45 280 309 371 717 950
522
367 905
369 433 835
214 310 675
587 618
484 785
735 1097
442 779 978
15 145 581
451 697
135 458 588 768 795 823
159 885
501 550 566 597
68 503 828 1100
378 1042
447
91 455
230 719 847 856
979
113 886
110 409
142 959
874
266 530 556 611
538 614 797 879
462
302 441 459 762
286 726 1008
786 991
289 610 725 731 922 938
99 598
29 295 897
1007
377 739 766 1098
328 612 662
41 239 341
596 832 910
25 55 561
314 454 702
294 353 520 552 602 755
234 290 606
153 482
1048
331 792
521 657 722 899 949
57 173 1018
27 36 435 502 945
303 346 492 616 659 777
38 549 924 1024
445 543 732 877 881 903
466
171 199 944
175 783
16 760 958
238 1050
33 548 781
206 273 600 1088
758
516 621 822 940
281 744 953
386
88 269 641 649 769 798 833 858 1022
35 265 685 804 817 1062
17 94 241 1028
139 275 332 424 497 584 599 628 715 893
263 494 937
721 772 854
605
121 554 604
172 197 250
181 585 682
11 487 654
287 394 711
1009
220 555
7 31 1017 1099
44 1043
112 285 674 819
348 593
738 948 1068
391 470 729 1049
21 154 268
225 364 508
640 703 1032
233 753
80 419 635 961
62 103 165
218 474
333 1082
195 408
351 778 1001
244 396 936
300 301 980
316 356
267 278 967 1003
449 495 1021
415 1053
82 98
149 261
105 405 553 1026
200 623 776
844
117 343 583
114 366 846 1041
30 167 857
140 395 569 829 850

194 443 692
120 709 895
61 127
72 472 701 871
845 964 1087
28 601 824 956
315 708 902
40 626 887
39 67 141 180 226 639 683 691
247 296 304 389 562 907 1077
636 730

293 361 479 839 1012
563 613 670 796 880
74 213 446 551 836
77 130 1023
246 397 867
4 934 1033
3 24 972 1051
631


203 283 567 771 1065
49 284 400 608 638 1044
256 374 417 642 803 868 1045
216 227 637 684
279 820
42 928 951
124 512 568
108 713 983 984
272 339 370 580
90 93 271 288 335 469 680 782 896 947
14 115 270 342 358 390 652 890 923
119 788 971
319 630 1059
790
192 728
534 929
322 668 695

9 589 666 855 977 1066
177 373 544
740 864
86 182 407 440 546 647 699 770 834 955
75 491 723 1064
262 338 401 483 625 694 852 1025 1047
327 340 431
184 514 705 933 1006 1096
242 496 528 558 1034 1073 1074
436 450 519 808
137 564 789 821 965 1037
941
187 334 825 986
50 810
1004 1016 1076 1090
243 299 387 490 527 784 900 993
1 46 237 365 471 526 765 1039
158 420 632
164 183 307 324 515 524 525 669 761
19 126 161 254 368 473 560 586 672 678 818 925
215 276 480 759 764 800 841 1081 1094
97 205 352 437 488 540 565 889
32 207 712
228 344
379

20 70 144 150 282 375 444 475 763 915
78 264 274 434 595 634 679 882 976
202 360 698
461 541 557 574 660 676 742 892 960
291
5 426 1058

277 329 622 752 787
64 96 292 559 981
12 47 457
376 518 658
2 131 398 644 939 952 1057 1069 1085 1089
83 232 873
421 840 1084
312 347 754 985
43 81 212 842 914
23 56 59 102 191 357 429 575 780 794 801 860
92 594 898 968 1092
118 837 917
537 807
26 994 1038
990
85 305 325 413 572 767 926
168 425 493 663 690 987 988
372 651 883
507 531 876
143 157 209 349 456 486 509 809 831 853 1079 1086
10 545 650 1019
89 257 402 633 687 1013
321 505 539 737 805 1080
260 677 872 888 1014
58 190 219 253 517 838 862 943 962 982 995 1031

52 100 418 930 1052
217 308 481 573 1002
298 513
76 148 162 428 478 627 656 700 751 793 865 891 908 957 969 1075
196 826
48 643 815 911
710 848 1070
448 500 741
13 147 297 747 773
906
313 326 452 464 620 716 802 875 884 1015
245 1027
73 363 774
37 251 311 392 571 843 859 909 998 999
306 510 724
706 966
8 355 749
591 1078
60 477 547 866 1020 1055 1067
138 151 258 1030

116 476 727 806
664 904
51 399 624 830
992
66 178 249 812 913
186
107 248 718 989
132 134 156 533 576 619 693 733 954 975
106 330 414 590 863 869 870 1054
996
