123 221 383 653 857 979
170 506 769
111
202 813 1036
160 916
745 985
665
688
466 542
189
18 468 476 667 754
615
82 98 1035
239 935
541 627 891
422 432 646
328 766
353 775 894
163 188
547 607
499 626
79 362 406 568
1061 1072
169 336 628
295 625
95 654 934 1033
109 185 235 410 1009
707 940
69 136 920
8 355 1028
6 360
229
87 579 608
354 404 971
17 260 662
337 645 921
89 633 785 838
212 403 720
125 997
240 698
176 321 1080
524 669 714
62 152 252 272 439 463 578 580 592 666 762
317 791 986
84 155 603
416 465
7 50 129 133 284 319 350 519 709 756 808 942 1060
22 984
786 1095
101 258 1070
39 67 953

194 750 787
126 359 757
34 536 1000
115 270 411
932
122 179 799 827
228 344 1010
71 545 946
128 992
1005
529 600 851 904
570 631 919
511
174
604 724 729
320 866
166 673
293 460
811 927 970
438 686 765
45 280 309 371 455 850
522
874 905
540 691
214 310 492
618 651
54 484
735 1097
442 978
131 145 290
528 697 989
135 445 588 732 768 877
159 885
501 550 566 648
230 443 847
55 655 788

91 829 976
503 719 748 1100
577 616
113 597 958
110 409
142 959
367
242 556 591 685 1074
46 247 418 614
462
278 302 339 345
510 853 1008
146 991
289 610 725 731 922 938
99 598
29 77 130 968 1092
820
377 739 819 1098
88 369 612 795
41 341 601
596 832 910 1021
25 814 1042
314 454 702
294 520 552 602 755 901 1083
15 1065
285 357
192 973
331 792
521 722 899 949 1043
57 81 173 1032
27 36 502 514 945 1096
48 255 303 346 777
38 549 924 1024
823 881 964

171 199 944
175 783
16 760
238 1050
33 548 664 781
206 273 435
489 758 974
364 516 621 822
281 744
386
153 433 474 617 798 833 1022
148 220 265 530 557 706 969
94 241 458 903
139 275 332 424 497 532 584 599 893 1071
263 494 937
430 772 854
605
382 554 849 1049
197 250 773
181 343 585
11 487 730
287 394 1064
512 671
63 708
31 1017 1099
44 657
112 149 482
348 593
738 936 948 1068
104 391 470
21 154 876 1018
225 508
26 640 842
233 323 753
80 635 715 782 961
427 504
218 400 641
1082
68 393 828 890
351 385 778 1045
244 396 659 1040
300 301 423 980
316 356
117 267 277
449 495
415 711 837 1053
467 1063
261 429 801
105 213 553 682
200 623 776
844
436 1001 1056
114 366 846 1041
30 167 689
140 564 569 679 717

313 452 856
120 895 1091
61 127
72 869 898
845 1087
28 65 824 956
35 902 1093
380 790 887
141 180 226 475 639 683 749 878
47 296 304 587 704 818 907
210 211 636

234 361 606 839 939
563 613 670 796 880 1058
74 405 446 551 836 1026
448 741 1023
246 397 447
4 378
3 24 972 1051
535 883


203 283 567 726 975
49 638 649 743 835 889
223 256 374 417 642 803 923
216 227 637 684
279 1007
42 928 951 1084
124 867
108 713 918 983 990
370 681 1003 1066
90 93 271 288 335 419 469 680 896 947
14 259 342 358 390 408 622 652
40 119
103 165 810
736
728 1014
534 929
322 668 695

9 441 589 855 977
177 324 544
687 740 1013
407 440 546 609 647 699 864 955 1029
75 373 491 523
338 401 483 629 694 852 1025 1047
327 340 431 886
184 705 933 1006
496 558 561 611 1034 1073 1088
231 459 485
137 789 821 965 1037
931 941
187 334 632 825
269 630 1059
384 1004 1016 1076 1090
243 299 387 490 527 734 784 993
1 457 471 526 538 797 925 930 1039
158 420 479
164 183 307 318 515 525 761 848 963
19 222 254 306 368 389 473 560 586 675 678
215 276 480 759 793 800 841 1081
97 201 205 352 437 488 565 721
32 207 712
861
379

20 70 144 150 282 375 444 763 779 912 915
78 264 274 395 434 595 634 882 950
224 262
232 555 574 656 742 817 1094
291 998
5 426 746

329 450 583 752 967
64 96 292 326 981
12 562
376 518 658 913
2 398 644 879 952 1012 1069 1085 1089
83 461 805 865
421 859 999
193 312 347
43 453 703 914
23 56 59 102 191 575 674 780 794 860
92 472 594 701 871
118 858 917
537 693 733
531 994 1038
172 363
85 305 325 413 572 767 926
168 425 493 663 690 987 988
372 381 1077
268 507
143 157 209 286 349 365 486 509 809 831 1046
10 53 650 1019
86 182 257 402 834
204 505 539 737 873 960
236 677 872 888
58 190 219 253 517 696 770 862 943 962 982 995 1031

52 100 237 1052 1079
217 308 481 1002 1020
298 513
76 162 198 428 478 660 676 700 718 751 764 908 957 1075
196 900
121 498 643 815 911
333 388 661 710
500 897 1011
13 147 297 573 747
906
208 464 559 620 692 716 802 875 884 1015
245 543 1027
73 774 826
37 251 311 392 571 840 843 909
161 581 672 1057
266 1078
816 1044
315 451 1062
60 195 477 868 1055 1067
138 151 723 1030
1048
116 727 806
582 966
51 399 624 830
412
66 178 249 812
186
107 248 804 892
132 134 156 456 533 576 619 771 807 954 1086
106 330 414 590 863 870 1054
996
