123 221 383 653 857 893 1071
153 506
111
202 629 1036
160 916
193 985
665 931
122 484 827
466 542
138 189
468 476 535 651 667 754
615
82 98 467
65 935
220 451 541
422 734 993
75 170 287
773 775
432 646
147 1002
626 790
79 362 489 545 867
500
169 382 628 849
412 1011
210 211 654
185 235 410 416 799
364 707
69 136 920
355 488
224 698 813
229 453
87 504 540
354 404 971
677 973
7 337 756
89 406 609
212 403 914
125 997
511
176 204 321
524 963
152 252 345 427 439 463 578 639 1066
317 791 986
84 155 603
465 688
133 319 350 459 485 519 743 921 942 1060 1091
22 72 108
146 991
101 151 661
39 67 854

230 443 847
126 359 757
34 323 650
115 411 967
932
6 360
228 344 385
53 71 1000
740 992
255 492
33 529 904
116 570
240 423
625
368 604
1067
166 673
460 632
811 927 970
438 765 1052
45 280 309 371 717 950
159 522
367 874
49 433 437
214 310 336
372 618 1077
128 633
735 1004 1016
442 978
145 581 879
35 685 1062
588 662 732 877 903
885
501 550 566 648
503 1056
25 95 378
568
91 850
559 692 719
577 979
113 327 597
409 694
142 301 959
905
242 528 556 966 989
247 290 418 606
462
302 339 681 808
797 853 1008
786 1095
289 610 725 731 922 938
99 598
29 448 897 968
820
112 377 739 1098
400 638 795
41 239 341
279 596 910 1021
55 435 655
314 454 702
172 520 602 755 894 901
234 293 510
261 670 674
1048
331 792
657 722 899 949 1037 1083
57 81 173 1032
27 36 502 514 945 1096
121 303 616 777 911
38 549 924 1024
135 445 543 768 823 881 964

199 521 944
175 783
16 760 958
238 1050
206 548 600 664 781
273 814 851 1088
758 946 974
516 621 822 940
150 281 282 744 953
386
120 218 474 617 649 858 895 1022
148 248 265 315 892
17 94 241 458
80 139 275 332 424 497 532 584 599 782 936
263 494 937
430 772
605
554 815 1005
197 250 363
181 313 585 750
11 487 730
394 523
671 1009
63 817
31 1017 1099
44 294 1043
285 482 819
348 593
346 659 738 948 1068
729 1049 1089
21 154 268
225 508
640 842 1018
233 737 753
93 419 635
62 165 1059
328 641 769
1082
68 393 583 787
320 778 1045 1100
244 396 715 961 1040
300 980
316 356
278 436 622 1003
449 495
415 837 917
1035 1063
149 429 780
105 213 405 682 1026
200 623 776
844
117 343 828
114 366 846 1041
30 167 689
140 395 564 569 679 829

553 1001
269 794 798
127 299
869 1023 1092
845 1087
28 601 824 956
627 1075
380 499 887
141 180 226 579 683 721 749 816 878
19 296 304 389 538 587 818
636

361 420 479 839 939 1012
426 563 613 796 919 1058
74 446 551 836
77 130 472 741
246 397 447
4 788 1033
3 24 171 972 1051
631 806


203 283 365 1065
88 284 369 608 691 709 833
223 256 374 642 803 868 923
216 227 637 684 1010
832 1007
42 928 951 1084
124 512
196 713 918 983 984
272 370 580 762
66 90 271 288 335 469 680 896 947 1069 1085
14 259 270 342 390 652 752 890 977
40 119 934
103 630 810
736
192 728
534 929
322 668 695

9 267 441 589 592 666 855
324 373 544 1053
54 687 864
86 182 407 440 546 647 699 770 834 955
491 766 848 1064
110 338 401 483 852 1025 1047
340 431 886
184 705 933 1006
558 561 611 1034 1042 1073 1074
129 231 450 645
137 789 821 965
941
187 825
50 1044
720 1076 1090 1097
61 163 188 243 387 490 527 784
1 46 52 100 237 457 526 1039
158 334
164 177 183 307 318 515 669 714 761
104 254 473 560 562 586 672 675 678 724 907 925
215 276 480 759 800 841 1081
97 201 205 352 889 1014 1028
32 207 712
351 861
379

20 70 144 375 444 475 763 779 912 915
78 264 274 434 455 595 634 882 976
179 262
461 555 574 656 660 676 718 742 891
291 998
5 746 801 880

277 329 358 408
96 194 208 716 748
12 47 704
376 518 658 913
2 15 131 391 398 470 644 952 1057
83 232 530 557
421 859 999
18 312 347 745
43 384 703
23 56 59 102 191 357 575 860
92 594 701 871 898
118 612 711
537 693 733
26 994 1038
73 990
85 305 325 413 572 767 926
168 425 493 663 690 987 988
381 883
507 531 876
143 157 209 286 349 456 486 509 809 831 1046
10 536 1019
109 257 402 785 1013
505 539 805 873 960 1080
236 260 872 888
58 190 219 253 517 696 838 862 943 962 982 995 1031

471 567 686 930 1079
217 308 417 481
298 513
76 162 198 428 478 700 751 764 793 865 902 908 957 969 1094
826 900
48 222 498 643
388 525 710 1030
295 1061 1072
13 297 573 607 747 1020
906
64 292 326 452 464 620 802 856 875 884 981 1015
245 1027
353 552 774
37 251 311 392 571 840 843 909
161 306 614
266 1078
8 565 835
697 804 1093
60 195 477 547 866 1055
258 333 723 1070

727
496 582
51 399 624 830
1029
178 249 812
186
107 591 706 708
132 134 156 533 576 619 726 771 807 954 975 1086
106 174 330 414 590 863 870 1054
996
