123 221 653 689 857 893
506 1098
111
202 629 1036
160 916
18 745 985
665
122 827
466 542
189 1070
116 372 468 535 651 667
615
82 807
65 935
751 891 908
422 646
170 1022
353 773
163 432 734
223 607
499 790
79 362 536 545 633
1072
169 222 382 498
295 412
611 655 934
54 185 235 410 671
431 707
69 279 920
205 579
224 698 813
229 453
87 369 504 835
354 404 487
17 241 260 903

86 89 416
212 403 720
125 997
511
176 204 321
524 963
152 252 339 345 427 463 578 639 666
317 791 1063
84 155 603
465 799
7 129 133 231 319 337 350 485 519 743 810 921 942 1060
22 72 490
829 991 1095
101 151 661
39 67 854

194 230 503
359 672 675
34 1000
14 1003
648 932
6 179
228 344 385
53 71 406
740 1029
255 492
33 814 1074
570 631 919
240 423
625
586 1057
195
166
460
811 927 970
438 686 765
45 280 309 371 455 717
522
874 905
816 1028
214 310 336
806 883
109 484
735 1016 1090
442 779 978
145 581 879
451 528
588 662 768 877 973
159 885
501 550 566 597
343 443
25 95 788
568 867
91 850
583 692 719 750
577 979
113 886
110 409
142 301 959
367
242 555 556 706 989
247 293 418 797
462
278 302 441 808
283 286 290
146
289 610 725 731 792 922 938
99 632
29 448 1023 1092
820
377 739 766 1064
88 612 889
41 136 239
596 910 1021
55 435 945
314 454 702
294 520 552 755 775 901 1083
234 510 853
153 819
1048
331 761
521 657 949 1043
57 81 173 1032
27 36 502 514 851
48 303 346 616 777
38 549 699 926 1024
445 543 732 823 1087

171 199 944
175 783
16 760 958
238 1050
548 664 781 1078
206 273 600 1088
489 758 946 974
364 516 621 822
281 744 763
386
474 617 641 649 691 798 858 895
63 198 220 315 557 627 1034
94 400 458
139 275 332 424 497 532 584 599 782 1040 1071
263 494 937
430 772
605
554 604 678 815
197 250 774 894
181 553 585
11 378
287 394 711
688
1062 1093
31 1017 1099
44 722 899
112 285 482
348 593
643 738 936 948 1068
104 470 724
21 154 268
225 508
26 640 842
233 323 753
80 419 635 729
1044 1091
218 328 769
1082
68 270 342 393
351 778 1045 1100
244 396 659 715 961
300 980
316 888
267 756
449 495
415
98 467 1035
149 429 670
105 213 682 1026 1052
200 623 996
356 844
559 890 1056
114 366 846 1041
30 167 383
140 395 564 786 976

313 828 1001
120 269 709
61 188 299
174 472 869
845 881 964
28 341 601 824 956
148 541 892
40 380 736 887
141 180 226 488 683 749 878 953
15 296 304 389 457 925
210 211 636

361 420 479 839 939 1012
426 563 613 796 880 1058
74 405 446 551 836
77 130 897
246 397 447
4 730 1033
3 24 972 1051
381 476


203 606 975 1008
49 284 433 608 638 795 833
256 320 374 481 642 868 923
216 227 637 684
832 1007
42 928 951 1084
124 512 1009
108 713 918 983 984
62 272 370 439 762
90 93 271 288 335 469 680 896 947 1089
115 259 358 390 411 652 752 787
119 654 971
103 165 1059
626
192 728
534 929
322 668 695

9 589 592 681 855 977 1066
177 324 373 1053
128 687 1013
402 407 440 546 647 785 924 955
75 491 523
338 401 483 694 852 1025 1047
327 340 940
184 705 933 1006 1096
496 558 561 591 685 1042 1073
436 450 459 645
137 789 821 965 1037
931 941
187 825 986
50 630
384 1004 1076 1097
243 387 527 784 900 993
1 471 526 587 1039 1079
158 334
164 183 307 318 515 525 544 669 714
19 46 126 254 306 473 560 618 628 757
215 276 480 759 800 841 1081
97 201 352 437 540 580 721 1014
32 207 712
861
127 379
673
20 70 144 150 282 375 444 475 912 915
78 264 274 434 569 595 634 679 882
262 360
232 461 718 742 817 1075
291 998
5 193 746

117 277 329 408 622 967
96 208 292 452 716 847 1010
12 47 538
376 518 658
2 131 391 398 644 952 1049 1069 1085
83 530 873 902
421 840 859
312 347 754
43 703 914
23 56 59 102 191 261 357 575 674 780 794 801 860
92 594 701 871 898
118 837 917
537 693 733
531 994 1018
363 990
85 305 325 413 572 767 770
168 425 493 663 690 950 987 988
562 907 1077
507 876 1038
143 157 209 349 365 456 486 509 809 831 1046
10 650 1019
182 257 609 834 838
505 539 737 805 960 1080
135 236 677 872
58 190 219 253 517 696 862 943 962 982 995 1031

52 100 237 567 930
217 308 417 1002 1020
298 513
76 162 428 478 574 656 660 676 700 764 793 957 969 1094
196 826
121 368 911 1005
258 710 848 1030
500 741 1011 1061
13 147 297 547 573 747
598 906
64 326 464 620 748 802 856 875 884 981 1015
245 1027
73 172 602
37 251 311 392 571 843 909 999
161 614 818 849
266 708 966
8 355 565
265 697 804
60 477 803 866 1055 1067
138 333 388 723

704 727
529 582 904
51 399 624 830
864 992
66 178 249 812 913
186
35 107 248 865
132 134 156 533 576 619 726 771 954 1065 1086
106 330 414 590 863 870 968 1054
776
