123 221 653 689
170 506 674
111
202 629
160 916 1090
347
665 931
122 416
466 542
189
18 468 667 754
47 615
82 98 467
65 935
198 215 817
422 900
523
353 775 894
432 646
573 607
499 626
79 362 867 962 1000
1061
628 1005
295 992
25 95 210
54 185 235 671 827
431 707
69 136 920
437 579 721
224 360 813
229 453
87 504 540
354 404 487
17 241 662
7 337 436
89 257 402 650
212 842 914
125 997
240 959
176 960 971
524 963
152 252 272 345 370 439 463 580 666 762 915
317 791 986
84 155 603
410 465 799
129 133 231 350 485 519 743 810 942 1059 1060 1091
734 983 984
146 1095
101 151 661
67 1014

194 230 750
675 849 925
34 323
411 991
932
6 179
228 344 385
53 71 406
262 740
577 777
33 529 945
570 746 919
423 980
412 625
604 678 724
374
166 673
460
811 927 970
438 686 1079
45 280 309 371 455 950
522
874
369 458 565
214 310 616
806 818
484 633 687
720 735 1004
442 779 978
145 510 581 1049
1078 1093
135 356 588 768 823 903
159 885
501 550 566 648
329 847 1045
55 654 934
1009
569 679 829
443 503 856 981
498 554 979
113 597 958
110 694
142 301
367 905
107 556 611 1073
46 247 418 614
462
278 302 339 459
203 283 290 1008
717 786
289 610 725 731 760 792 922 938
99 632
29 869 897 968
832
377 739 1098
433 612 638
41 239 341
596 910 1007 1021
435 655 814 1033
314 454 702
294 520 552 657 774
15 398
153 482
192
331 761
521 722 899 901 949 1037 1083
57 173 703
27 36 502 514 1006
303 336 346 492 738
38 549 924 1024
445 732 877 881 964

171 199 944
175 783
16 886
238 1050
548 781 851 1088
206 273 600 664
489 758 946 974
364 516 621 822
281 744
386
88 269 474 617 649 691 769 858
451 530 557 718 892 902 989
94 260 795 973
139 275 332 424 497 532 599 635 782 815 893
263 494 937
430 772 854
605
368 643
172 773
181 559 585 828
11 788
287 394 711
688
63 708
31 1017 1099
44 951 1043
112 285 670
348 593
48 382 936 948 1040 1068
131 470 1069
21 154 876 1018
225 508
26 640 1032
233 753
80 93 335
62 103 709
218 328 641
1082
68 270 393 787
351 778 1100
244 396 659 715 961
300 511
316 844
267 277 622
449 495
415 544
1035 1063
429 780 801 819
105 213 682 765 1026
200 623 996

408 719 1001 1003
114 366 846 1041
167 383 857 1071
91 140 395 564 850

313 452 692
120 794 798 895
61 188 299
72 1023 1092
845 1087
28 601 824 956
148 315 591
40 736 790 887
39 141 180 226 578 639 683 1028
12 296 304 389 457 704 797
211 636

234 293 361 420 479 939
426 563 796 1058
74 405 446 551 553 836
77 448 472 741
246 397 447
4 378
3 24 972 1051
116 631 651


286 567 726 1012
49 284 400 608 833 835 889
223 256 320 642 803 868 923
216 227 637 684
279 820
42 421 928
124 512 568
108 197 713 918
427 592
90 271 288 419 469 680 896 947 952 1085
14 115 259 342 358 390 583 652 752
119 380 730
165 319 630
321
728 1048
534 594 929
322 668 695

9 441 589 681 855 977 1066
177 324 373 1053
1013 1029 1036
182 407 440 546 609 647 699 770 834 955
75 491 766 1064
338 401 409 483 852 1025 1047
327 340 940
30 184 584 705 933 1096
242 528 558 561 966 1034 1042
343 645 808 921
137 789 821 965
941
187 825
50 1044
384 403 1016 1076 1097
163 243 387 490 527 784 993
1 526 879 930 1039
158 334
164 183 307 318 515 525 669 714 848
19 126 254 306 359 473 560 586 587 757 883 1077
276 480 759 764 800 841 1081
97 201 205 352 488 816 878
32 207 712
861
127 379

20 70 144 150 282 375 444 475 763 912 953
78 264 274 434 595 634 882 976
128 698
220 232 265 461 541 660 969 1075 1094
291
5 613 880

117 450 756 890 967
96 208 292 716 748 1010 1015
538 618
376 518 658 913
2 104 391 606 644 729 839 1057 1089
83 865 908 1080
840 999 1084
193 312 745 985
43 81
23 56 59 102 149 191 261 357 575 860 1022
92 130 701 871 898
118 837 917
537 693 733
507 994 1038
990
85 305 325 413 572 767 926
168 425 493 663 690 987 988
372 535 907
268 531
143 157 209 349 365 456 486 509 809 831 853
10 536 545 1019
86 109 785 838
204 505 539 737 805 873
236 677 872 888
58 190 219 253 517 696 862 943 982 995 1031

52 100 237 471 1052
217 308 417 481 1002
298 513
76 162 428 478 555 574 627 656 676 700 742 751 793 891 957
196 826
121 169 222 255 911
258 1030 1070
500 1011 1072
13 147 297 747 1020
598 906
64 326 464 620 802 875 884 1046 1056
245 543 1027
73 363 602 755
37 251 311 392 571 843 859 909 998
161 562 672
266 904 1074
8 355 749
35 248
60 195 477 547 866 1055 1067
138 333 388 710 723

381 476 727
496 582
51 399 624 830
864
66 178 249 812
186
685 697 706 804 1062
132 134 156 533 576 619 771 807 954 975 1065 1086
22 106 174 250 330 414 590 863 870 1054
776
