123 221 383 653 689 893
153 895
111
202 698 813
160 916
347
665
122
466 542
1070
18 468 667 704 754
615
82 98 1035
65 935
215 220 428 656
646 900
638 1022
773 775 965
163 422
147 1002
499 626
79 89 362 536 838
741 1072
126 169 675
412 1011
95 211 788
54 185 235 687 799
707 1032
136 239 920
352 721 878
224 262
173 229
8 87 504
354 404 530
17 241 260
7 942
609 650 962
212 384 403
125 997
511
176 204 971
544 963
345 427 439 459 463 578 580 592 666 1066
317 791
84 155 603
410 465 785
133 337 350 485 519 743 808 810 921 1059 1060 1091
22 108 432 734
146 1095
101 151 333
39 67 854

230 443 719
678 757 925
34 323 1000
115 259
932
179 360 827
1010 1056
53 71 946
864 992
255 777
664 1074
116 570
240 423
295
560 604 729
320 866
166
460
811 927 970
438 686 765
45 280 309 371 455 717
159 522
874
369 437 709
214 310 336 498
618 651
416 484
735 1004 1016
442 978
145 368 1057
1034 1093
135 458 588 768 903 973
885
501 550 566 648
393 503 583 847
25 655 730
568 867
91 569 829
194 692 1001
577 979
113 597 958
110 625
142 959
367 905
242 451 556 591 892
290 614 879 1008
462
267 302 339 441
15 567 1065
786
289 610 725 731 792 922 938
598 632
29 174 448
344 820
377 739 819
400 612 889
41 69 341 956
596 832 910 1021
55 814 934 945
314 454 702
172 294 353 520 755
234 398 510
285 482 798
1048
331 714
521 657 899 1043
57 81 822
27 36 435 502 514
48 303 346 492 659
38 549 834 924 1024
445 732 823 877 881 964

171 199 944
175 783
16 760
238 1050
33 548 781 1088
206 273 600 851
489 758 974
364 516 621 940
281 744 915 953
386
88 170 218 328 474 506 641 649 691
35 232 265 557 685 804
94 677 795
139 275 332 424 497 532 584 628 815 1071
263 494 937
430 772
605
554 616 849
197 250 894
181 585 682 828
11 378
287 394 711
671 1009
63 148 865
31 1017 1099
44 722 1037 1084
112 357
348 593
738 911 948 961 1040 1068
104 391 470
21 154 268
225 508
26 640 842
233 753 873
80 715 936
62 103 165
858 1098
189 1082
68 270 967 1003
351 778 1045
244 396 599 643
300 301 980
316 356
278 622 756
449 495
415 523
467 1063
149 429 670
105 213 553 1026
200 623 776
844
117 343 450
114 366 846 1041
30 167 857
140 395 564 679 882 991

452 559 750 856
120 617 769
61 127
72 472 701 871
845 1087
28 601 824
107 541 902
40 380 736 887
141 180 226 639 683 749 816 912
296 418 457 538 853 907 1077
210 636

361 479 606 839 939
426 563 613 796 919 1058
74 405 446 551 836
77 130 869
246 397 447
4 1033 1042
3 24 949 972 1051
476 631 806


203 283 286 293
49 284 433 565 608 1044
195 223 256 374 642 868 923
216 227 637 684
279 1007
42 928 951 1083
124 512
713 918 983 984
152 252 272 370
90 93 271 288 335 419 469 680 782 896 947
14 342 390 411 652 752 787 890
119 487 654
319 630 833
790
192 728
534 929
322 668 695

9 589 681 762 855 977
324 761 1053
128 740
402 407 440 546 647 688 699 770 1013
75 373 491 723 848
338 401 409 483 694 852 1025 1036 1047
327 340 431 886
184 705 933 1006 1096
248 496 558 561 611 904
129 231 436 645
137 789 821 850 901
931 941
99 187 334 825 986
50 269
720 1076 1090 1097
188 243 299 387 490 527 784 993
1 526 587 797 930 1039 1052
158 420 1012
164 177 183 307 318 515 524 525 669
19 46 254 306 359 389 473 562 672 818 1049
276 480 759 764 800 841 1081
97 201 205 488 579 662 1028
32 207 712
228 861
379
673
20 70 144 150 282 375 444 475 763 779
78 264 274 434 595 634 950 976
6 629
83 461 574 676 718 742 817 891 960
291 998
5 746 801 880

277 329 358 408
64 96 208 292 385 716
12 47 304
376 518 658 913
2 131 635 644 952 1069 1085 1089
315 660 1062
421 840 859
193 312 745 985
43 453 703 914
23 56 59 102 191 261 575 674 780 794 860
92 594 898 968 1092
118 837 917
537 693 733
994 1018 1038
73 363 990
85 305 325 413 572 767 926
168 425 493 663 690 987 988
372 535 586
507 531 876
143 157 209 349 365 456 486 509 809 831 1086
10 545 1019
86 109 182 257 633
321 505 539 737 805 1080
236 872 888 1014
58 190 219 253 406 517 696 862 943 955 982 995 1031

52 100 237 471 1079
217 308 417 481
298 513
76 162 198 478 627 700 751 793 908 957 1075 1094
196 826
121 222 382 1005
258 661 710 1064
500 897 1061
13 297 573 607 747 1020
906
313 326 464 620 748 802 875 884 981 1015 1100
245 543 1027
552 602 774
37 251 311 392 571 843 909 999
161 247 581 724
266 697 966
355 540 835
706 1078
60 477 547 803 1055 1067
138 388 766 1030

381 727 883
529 582 1073
51 399 624 830
1029
66 178 249 812
186
528 555 708 969 989
132 134 156 533 576 619 726 771 807 954 975 1046
106 330 414 590 863 870 1023 1054
996
