123 221 653 689 857 893 1071
153 170
111
202 698 1036
160 916
18 193
665 931
122 484 827
466 542
189 1070
468 476 651 667 754 883
615
82 98 467
65 935
76 215 220
422 432 646
287 328 1064
353 773
163 188
147 1002
499 626
79 362 447 489 1000
500
169 222 382 498
412 625
210 211 654
54 185 235 410 416
431 707
69 136 920
97 201
224 629 813
229 453
8 49 87
354 380 404
17 236
7 337 756
86 89 406
212 384 403
125 997
511
176 204 321
524 963
345 427 439 463 578 580 592 639 666
317 791 986
84 155 603
465 688
133 350 485 519 808 810 921 942 1044 1060 1091
22 72 108
146 991
101 151 525
39 67 854

230 443 503
126 359 757
34 323 650
14 115 411
932
6 179
228 344 385
53 71 545
864 992
255 492
33 529 582
116 570
240 423
295
104 604
60
166 673
66 460
811 927 970
438 686 765
45 280 309 371 717 850
159 522
367 874
437 458 540
214 310 336
372 381 1077
128 1013
735 1004 1016
442 978
15 145 581
708 892 1062
135 445 588 662 732
885
501 550 566 648
195 320
25 95 378
568
91 455
194 559 719
577 979
113 327 597
110 409
142 301 959
905
242 556 611 706 989
46 247 418 614
462
302 339 441 459
203 286 797
786 1095
289 610 725 731 922 938
99 598
29 448 472 869
832
377 739 819 1098
88 369 400
41 239 341
596 910 1007 1021
55 435 655
314 454 702
172 294 520 552 602 755
234 290 293
261 670 674
1048
331 792
521 657 722 899 901 1037
57 81 173 1032
27 36 502 514 945 1096
303 346 643 738 777
38 549 924 1024
543 768 823 877 881 903 964

171 199 944
175 783
16 760 958
238 1050
548 781 814 851 1088
206 273 600 664
758 946 974
364 516 621 822
281 744 912 915 953
386
474 506 617 649 798 858 895 1022
148 232 248 265 315
94 241 260 433
139 275 332 424 497 532 584 599 635 782 1040
263 494 937
430 772
605
368 554 815
197 250 363
181 313 585 750
11 487 730
394 523
512 671
35 63
31 1017 1099
44 1043 1083
112 285 482
348 593
911 936 948 1005 1068
131 391 729
21 154 268
225 508
26 640 842
233 753 1080
80 93 335
62 103 165
218 641 769
1082
68 270 342 393
351 778 1001 1100
244 396 659 715 961
300 980
316 356
267 278 450 622
449 495
415 837 917
1035 1063
149 429 780
105 213 405 682 1026
200 623 776
844
117 343 583
114 366 846 1041
30 167 383
140 395 564 569 679 829

452 553
120 269 794
61 127
130 174 1092
845 1087
28 601 824 956
107 198
790 887 971
141 180 226 579 683 721 749 816 878
296 304 389 457 538 606 818
636

361 420 479 632 839 939
426 563 613 796 919 1058
74 446 551 836
77 741 897 968
246 397 867
4 788 1033
3 24 949 972 1051
631 806


283 365 567 726
284 608 638 691 709 795 833
223 256 374 642 803 868 923
216 227 637 684 1010
279 820
42 928 951 1084
124 1009
713 918 983 984 993
152 252 272 370
90 271 288 419 469 680 896 947 1069 1085 1089
259 390 652 752 787 828 890 967 1003
40 119 934
319 630 1059
736
192 728
534 929
322 668 695

9 589 681 762 855 977 1066
177 324 373 1053
687 740 799
407 440 546 609 647 699 770 785 834 955
75 491 766 848
338 401 483 694 852 1025 1047
340 886 940
184 705 933 1006
558 561 966 1034 1042 1073 1074
129 231 436 645
137 789 821 965
941
187 825
50 743
720 1076 1090 1097
243 299 387 490 527 734 784 900
1 526 907 925 930 1039 1052 1079
158 334
164 183 307 318 515 544 669 714 761
19 254 473 560 562 586 587 628 672 675 678 724
276 480 759 764 800 841 1081
205 352 488 835 889 973 1014
32 207 712
861 1045
379

20 70 144 150 282 375 444 475 763 779
78 264 274 434 595 634 882 950 976
262 360
541 574 656 660 676 718 742 817 891
291 998
5 746 801 880

277 329 358 408
64 96 208 292 326
12 47 704
376 518 658 913
2 398 470 644 879 952 1012 1049 1057
83 461 530 557
421 840 859
312 347 745 985
43 703 914
23 56 59 102 191 357 575 860
92 594 701 871 898
118 612 711
537 693 733
994 1018 1038
73 990
85 305 325 413 572 767 926
168 425 493 663 690 987 988
535 618
507 531 876
143 157 209 349 456 486 509 809 831 853 1008
10 536 1019
109 182 257 402 633
505 539 737 805 873 960
677 872 888 1028
58 190 219 253 517 696 838 862 943 962 982 995 1031

52 100 237 471 1046
217 308 417 481
298 513
162 428 478 627 700 751 793 865 902 908 957 969 1075 1093 1094
196 826
48 121 616 849
258 388 661 710
1011 1061 1072
13 297 547 573 607 747
906
464 620 692 716 748 802 847 856 875 884 981 1015
245 1027
774 775 894
37 251 311 392 571 843 909 999
161 306 510
266 1078
355 504 565
685 697 804
477 866 1020 1055 1056 1067
138 333 723 1030

727
496 904
51 399 624 830
1029
178 249 812
186
451 528 555 591
132 134 156 533 576 619 771 807 954 975 1065 1086
106 330 414 590 863 870 1023 1054
996
