123 383 857
170 357
111
202 629 1036
160 916
18 985
665 931
122 827
542 577
138 1070
116 468 535 667 806
615
98 807 1063
65 935
451 1075
422 432 734
711 1022
657 775 894
163 188
417 1002
499 974
79 362 568 609
741
169 382 498 562
412 625
210 211 1042
185 512 688 799
707
69 136 920
201 1028
224 360 813
173 229
87 835 1044
354 404 487
260 677 854
319 645
86 89 257 633
403 640 703
125 997
240 511
176 736 971
524 963
62 152 180 252 345 370 463 578 580 762
317 1035
84 155 603
109 410 465
133 231 337 350 485 519 630 743 756 1059 1060
22 108 490
786 991
101 525 714
39 721

194 559 719
628 675
34 545 753 1000
270 977
932
6 179
228 385 820
71 650
128 1029
255 492
33 529 904
193 570
423 980
29 295
849 925
1067
166
293 460
811 927 970
686 930 1052
45 280 309 371 455 717
159 522
874 905
369 540
214 310 336
381 587
54 687
735 1016 1090
442 779 978
161 473 560 581
107 528
356 445 588 732 768 872
885
550 566 597 648 886
68 503 583 787
55 95 655 1033
397 447
91 850
230 856 981 1100
554 979
113 501
110 409
142 959
367
556 708 966 1062 1074
46 457 606
462
267 302 339 441
290 726 1012
146 1095
289 725 731 922 938
99 632
77 174 472 869
344
75 112 377 739 1098
612 795 889 903
41 239 601
227 596 910 1021
25 435 934
314 454 702
294 520 552 602 826 901 1083
15 1065
482 674 798
1048
331 610 792
521 949 1037 1043
81 822 1032
27 36 502 1006 1096
303 346 659 777 815 911 1068
38 549 924 1024
458 543 877 881 964 1087
167 466
171 199 944
783 992
16 760 958
238 1050
548 611 664 851
206 273 600 814 945
489 758 946
516 621 940
281 444 744 763
386 698
88 218 269 328 474 506 649 858 895
63 315 557 685 718 804 969
135 241 400
139 275 332 424 497 532 584 599 782 1040 1071
263 341 494 937
430 776
605
643 1005
197 250 713
117 181 408 585
11 40
394 523
235 1009
148 541
7 31 114 1017
44 722 899
285 670 819
348 593
48 738 936 948
470 604 724 1089
21 154 531
225 364 508
26 57 842
233 323 539
80 635 715 729 1085
504 608 709
617 641 769
189 1082
393 642 890
351 778 1045
244 396 893 961
300 301
316 973
277 278 450 967
449 495
415 837 917
82 467
149 780 794
105 213 553 682 765
200 623
844
329 828 921 1001
366 846 1041 1099
221 653 689
140 395 564 569 679 976

313 443 750
120 153
61 299 387
130 701 871
823 845
28 824 956
220 555 902
626 788 887 1073
97 141 226 579 639 683 878 1014
12 47 247 296 304 389 797
636

234 361 420 479 510 939 952
426 563 796 1058
74 405 446 551 836 1026
448 1011 1092
246 671 867
4 730
3 24 972 1051
476 631


203 283 567 825
49 433 638 691 833 1091
223 256 320 374 481 868 923
216 279 637 684 1010
832 1007
42 928 951
124
363 918 983 984 990
272 439 459 1066
90 93 104 271 288 335 419 469 896 947
14 115 259 342 390 411 652 752
119 378 380
103 165 284
204 790
192 728
534 929
322 668 695

9 589 592 666 681 855
177 324 373 1053
864 1025
402 407 416 440 546 647 699 955 995
287 491 723 766
338 401 483 694 740 852 1047
327 340 431
30 184 514 705 933
242 248 496 558 561 654 1034
129 436 808 942
137 789 821 829 965
941
187 986
50 810
384 720 1004 1076 1097
243 527 784 993
1 100 418 526 538 802 879 1039
158 334
164 183 307 318 515 544 669 761 848
19 126 222 254 359 614 672 757 818 883 907 1057 1077
215 276 480 759 764 800 841 1081
67 205 352 427 437 488 749 816
32 207 712
861
127 379
673
20 70 144 150 282 375 475 912 915 953
78 264 274 434 595 634 882 950
262 484
265 656 660 676 742 817 891 960
291 998
5 613 880 919

343 358 622 1003
208 292 452 692 716 884 1015
618 704
376 518 658 791
2 131 391 398 644 680 839 1069
83 461 530 989
421 840 1084
312 347 745
43 212 453 914
23 56 59 102 191 261 429 575 746 801 860
92 594 898 968
118 662
537 693 733
507 876 994 1018
73 172 353
85 305 325 413 572 770 926
168 425 493 663 690 987 988
372 651 678
268 1038
143 157 209 349 365 438 456 486 509 831 853
10 53 536 1019
182 785 834 962 1013
321 505 737 805 873 1080
17 94 236 888
58 190 219 253 406 517 696 767 838 862 943 982 1031

52 237 286 471 1079
217 308 607 773
298 513
76 162 198 428 478 574 627 700 751 793 865 892 908 957 1094
196 646
121 368 616 1049
258 710 1030 1064
500 897 1061 1072
13 297 547 573 747 1020
598 906
64 96 326 464 620 748 809 847 875 1056
245 1027
755 774 900
37 251 311 392 571 843 859 909 999
145 306 586
266 781 1093
8 355 565
591 1078
60 147 195 477 803 866 1055
151 333 388 661

727 754
582 1088
51 399 624 830
175
66 178 249 812 913
186
35 232 697 706
132 134 156 533 576 619 771 954 975 1008 1046 1086
72 106 330 414 590 863 870 1023 1054
772 996
