123 221 653 857 396 424 599 777
1022 506
111
1036 813 224
916 160
347
665 931
122 484 185
466 542
189
806 651 535 372 754
615
82 1035 98
974 935
1094 76
646 422 734
1098 328
773 353
984
868
626 736
568 536 962
500
222 126 757
897 295
211 25 210
416 671 54 235
707 431 57
279 136
1014 97
698 179 827
229 173 453
540 1091
487 354 404
236 973
942 603 450
512 696
212 842 640
997 125
511 240
321 204 971
524 963 566
639 463 152 580 62 252 666 1066 912 681
317 986 791
319 84
465 410 799
129 231 165 7 339 133 103 1060 808 337 350 645
993 22 432
146 991
151 1070
683 721

1056 230 464
628 562
34 650 323 1000 71
752
932
6 360
228 820 385
489 946
992 1025
577 255
33 55 529
116 919
980 423
1011
131
195
166 673
66 460
970 811 927
930 765 686
950 45 717 280 309 371
159 522
905 874
458 565 795
616 492 310
381 476
688
1097 1004
442 978 70
15 398
35 708 1062
732 356 823 877
885
501 550 597 648
1045 374
378 654
89
786 455
194 559 981
979 214 336
886 113
110 694
959 301 142
367
611 966 1074 556
46 606 678
462
592 459 436
853 293
1095 342 115
731 938 289 922 610 725
632 99
174 448 869 29
344
377 112 739
649 433
41 601 239
596 910 69 920 1021
435 1042 1033
702 314 454
990 657 172
1012 234 1057
357 670
1048 94
331 792 669
1043 949 1037 901 899 1083
822 403 1032
1006 502 1096 514
738 911 815 659 554
924 1024 407 834 549
543 964 903 445 881 768 588
167
199 521 944
175 783
760 16 958
238 11 1050
781 206 273 548 814 600
1088 664 851
758
940 364 516 621
281 744
386 202
474 617 895 858 88 638 833 120 369 798 641
248 685 908 660
662 400
497 532 584 332 275 715 672 782 1071 1040 139
494 341 937 263
430 776
605
643 1005
713 363 755
553 828
788 730 119
523 711
1009 257 633
107 83
1099 31 1017 1041
44 294 722
482 819 285
593 348
948 303 961 244 346 382 498 849 604 1068
104 1089
268 1018 154
508 225
703 26
233 753 1080
335 419
743 709
218 769 170 612
1082 710
358 642
351 320 778 1100
893 936
300
844 316
921 267 117
495 449
415 394 287 373 1053
467 1063
261 149
405 1026 213 1052 682
200 623 854

756 343
366 114 155 846
30 689 383
850 91 679 829

313 802 181
153 269
127 61
1023 130
1087 21 845
28 956 824 65
1075 817
887 176
39 180 579 749 226 953 67 355 578 878 141
247 457 389 797 418 818 290
636

839 420 939 361 479 729
426 5 796 563 1058 613
551 74 836 105 446 585
72 77 701 472
397 447 867
4 95 655
171 1051 3 972 24
631


825 365 1065
1044 691 284 889 49 504
256 923 223 217 503 393 803 1002
227 684 1010 216 637
832 1007
928 1084 951 42
124 246
108 983 197 918
427 345
680 896 90 93 271 288 947 469
390 259 652 270 787 1003 14 329 411 622 68 967
40 380
810 1059 370
790 499
192 728
534 929 322 1092
861 668 695

9 855 977 441 589 302 762 278
177 544 324
128 1029
995 740 440 864 609 402 182
766 75 491 1064
852 483 409 625 401 1047 338
340 327
705 184 933 27 80 36
1073 591 904 1034 561 558 242 530 934
485 519
137 821 965 789 564 140
941
158 187
50 608 630
1090 1016 720 384 1076 735
243 784 387 490 188 527 163 299
1 526 1039 538 1077 1079 296 304
334 283
515 164 761 183 714 307 318 525 848
306 368 359 925 19 675 254 587 586 907 473
759 480 841 764 800 1081 276 215
488 205 201 352 1028 835 437 87 241 439
32 712 207
856 716
379

475 20 915 763 444 375 779 150 144 282
264 595 78 882 569 634 976 274 434 395
262 629
676 574 555 742 892 265 461 541 891
998 291
193 880 746

408 277 1001 583 890
64 96 326 1015 292
12 704 47
913 518 658 376
644 161 391 510 470 581 1069 635 1085 952 724 2 145 614
232 718 865
421 999 859
312 985 745 570 18
43 914 81
191 59 23 429 56 674 794 801 575 102 860 780
594 92 898 968 871
837 917 118
807 693
994 876 507
520 602 73
85 572 413 926 325 770 305
168 988 493 663 987 425 690
618 883
1038 531
286 509 456 209 1086 1046 809 438 831 1008 157
10 545 1019 53
86 109 785 687
539 873 805 960 737 505
677 17 135 888 872 260
58 517 943 253 406 982 838 190 79 219 955 362 1031 862 767

471 237 100 52 567
417 481 308 573
298 513
478 198 315 428 793 627 751 220 700 656 902 148 162 969 957 557 63
196 900
48 121 1049 169
661 723 258
1072 1061 741
147 1020 297 547 607
906 598
452 443 884 692 847 748 719 875 486 620 208 750 349 143
245 1027
552 894 774 775
571 37 843 909 311 392 840 251 826
879 560
266 697
816 8 272
451 1093 804
60 1055 1067 477 866
138 333 388 1030 101

727 468 667
496 582 945
51 830 624 399
412 1013 546 647 699 38
812 178 249
186
1078 528 706 989
533 619 975 954 733 726 132 576 156 203 771 134 537
414 863 330 106 1054 590 747 250 870 13
996 772
