123 221 653 689
153 170
111
179 629 813
160 916
347
665 931
122
542 577
189 1070
18 381 667 704 754
615 1039
98 920 1063
65 974
215 220 1075
422 900
328 769 1064
775 894 901
984
417 1002
736 790
79 89 362 536 838
325 741 926
169 214 628
295 412
788 1042
109 185 235 257 410 799
431 707
82 239
97 488
6 224
229
62 835 889
354 404 487
241 260 677
7 450 645 846
512 609
403 842 914
125 997
240 511
176 204 971
761 963
272 370 427 463 580 592 639 666 762 912
317
155 319 603
416 465
133 231 284 337 350 485 519 810 1059 1060
432 490 734 869
146 829
101 515 661
67 352 721

230 719 1001
19 675 849
34 323 1000
115 270 411
648 932
360 698 827
820 1010 1100
53 71 545
128 864
255 310
529 664 1088
570 746 919
423 980
625
643 724
642 778
166
460
811 927 970
438 930 1052
45 280 309 371 455 950
159 522
874 905
8 437 565
336 492 616
372 468 476
54 687
1076 1097
442 978
145 161 398 581
248 548 804
135 588 768 872 877 903
885
501 550 566 886
195 828
25 95 655 934
867
91 717
443 620 847 981
979
113 597 958
409 1011
142 959
367
242 266 556 1034 1073
15 538 614 797
462
152 267 302
286 290 510
786 991
289 725 731 922 938
99
29 130 1023
832
377 739
369 662 795
41 69 136
596 910 1021
55 654 1033
314 454 702
294 353 520 552 755 826 1083
46 293
482 1022
1048
331 610 792
199 949 1037 1043
57 81 173 1032
27 36 435 514 1006
303 346 659 777 815 1005
38 549 688 924
445 543 732 823 881 964
167 466
171 521 944
175 783
16 760
238 935 1050
33 206 528 781
273 600 814 851 945
489 758 946
364 621 822 940
20 281 744 763
386 1036
49 88 400 506 617 638 649 1098
107 315 685 892 1062
94 433 458
139 275 332 424 497 532 584 599 1040 1071
263 341 494 937
430 772 854
605
48 382 498
197 250 990
117 553
11 119 378
523 837
671 1009
63 451
31 1017 1099
44 657 722 899
112 285 674 819
348 593
738 911 936 948 1068
104 470 729
154 268 1018
225 508 516
640 703
233 539 753
80 635 715 782 961
103 608 1091
474 641 798
723 1082
68 393 787 890
320 351 1045
244 396 893
300 301
316 356
277 436 441 967
449 495
394 415 711 1053
467 1035
149 261
105 181 213 464 682 765
200 623
844
503 756 921
84 114 366 1041
30 383 857
395 564 569 850 882

452 559 750 856
120 218 269
61 188 299
72 594
845 1087
28 601 824 956
35 148 557 902
499 887
39 141 226 252 345 683 749 816 878
47 247 296 304 586 606 818
4 210 636

234 361 479 939 1012
426 563 613 670 796 1058
74 343 405 446 551 585 836 1026
77 448 472 1092
246 397 447
211 730
3 24 972 1051
116 651 883


203 283 567 771 831 1065
87 540 691 709 833 1044
223 256 374 481 868 923
216 227 637 684 733
279 1007
42 928 951
124 568
108 713 918 983
439 459 681 1066
90 93 271 288 335 419 469 680 896 947
14 259 342 358 390 652 752
40 380
630 743
626
192 728
534 861 929
322 668 695

9 589 855 977
177 324 544
407 1013 1025
440 546 647 699 740 834 995 1029
75 287 373 766
110 338 401 483 694 852 1047
327 340
184 502 705 933 1096
558 561 611 904 966 1074
129 339 808 942
137 140 789 821 965
941
187 334 825 986
50 165 895
384 720 735 1004 1016 1090
163 243 387 527 784 993
1 237 254 389 457 526 853 879 1079
158 420 632
164 183 307 318 491 524 525 669 714
126 306 359 368 473 562 587 672 678 757 907 1077
276 480 759 793 800 841 1081
201 205 579 973 1014 1028
32 207 712
228 344
127 379
673
70 144 150 282 375 444 475 578 779 915 953
78 264 274 434 595 634 679 976
202 262 484
232 541 742 817 891 908 960 969 1094
291
5 801 880

278 329 408 583 622 1003
64 208 385 692 716 748
12 618
376 518 658 791
2 131 391 644 839 952 1069 1085 1089
83 461 530 865
421 840 1084
193 312 745 985
43 212 453
23 56 59 102 191 357 429 575 780 794 860
92 701 871 898 968
118 612 917
537 807
26 507 531 994
363 602
85 305 572 767 770 1024
168 425 493 663 690 987 988
535 806
21 876 1038
143 157 209 349 365 456 471 486 809 875 1046
10 650 1019
182 402 406 633 785
321 505 737 805 873 1080
17 236 888
58 86 190 219 253 413 517 696 862 943 955 962 982 1031

52 100 418 509 686
217 308 573 607 747 1095
298 513
76 162 198 428 478 555 574 627 656 660 676 700 751 764 957
196 646
121 222 554 604 1049
151 848 1030
500 897 1061 1072
13 147 297 773 1020
598 906
96 194 292 313 326 802 884 1015 1056
245 858 1027
73 172 774
37 251 311 392 571 843 859 909 998 999
560 925 1057
1078 1093
180 355 504
706 708
60 477 547 803 866 1055 1067
138 258 333 388 710

631 727
496 582
51 399 624 830
992
66 178 249 812 913
186
265 591 697 718 989
132 134 156 533 576 619 693 726 954 975 1008 1086
22 106 174 330 414 590 863 870 1054
776 996
