123 221 396 424 599 653 777 857
506 1022
111
224 813 1036
160 916
347
665 931
122 185 484
466 542
189
372 535 651 754 806
615
82 98 1035
935 974
76 1094
422 646 734
328 1098
353 773
984
868
626 736
536 568 962
500
126 222 757
295 897
25 210 211
54 235 416 671
57 431 707
136 279
97 1014
179 698 827
173 229 453
540 1091
354 404 487
236 973
450 603 942
512 696
212 640 842
125 997
240 511
204 321 971
524 566 963
62 152 252 463 580 639 666 681 912 1066
317 791 986
84 319
410 465 799
7 103 129 133 165 231 337 339 350 645 808 1060
22 432 993
146 991
151 1070
683 721

230 464 1056
562 628
34 71 323 650 1000
752
932
6 360
228 385 820
489 946
992 1025
255 577
33 55 529
116 919
423 980
1011
131
195
166 673
66 460
811 927 970
686 765 930
45 280 309 371 717 950
159 522
874 905
458 565 795
310 492 616
381 476
688
1004 1097
70 442 978
15 398
35 708 1062
356 732 823 877
885
501 550 597 648
374 1045
378 654
89
455 786
194 559 981
214 336 979
113 886
110 694
142 301 959
367
556 611 966 1074
46 606 678
462
436 459 592
293 853
115 342 1095
289 610 725 731 922 938
99 632
29 174 448 869
344
112 377 739
433 649
41 239 601
69 596 910 920 1021
435 1033 1042
314 454 702
172 657 990
234 1012 1057
357 670
94 1048
331 669 792
899 901 949 1037 1043 1083
403 822 1032
502 514 1006 1096
554 659 738 815 911
407 549 834 924 1024
445 543 588 768 881 903 964
167
199 521 944
175 783
16 760 958
11 238 1050
206 273 548 600 781 814
664 851 1088
758
364 516 621 940
281 744
202 386
88 120 369 474 617 638 641 798 833 858 895
248 660 685 908
400 662
139 275 332 497 532 584 672 715 782 1040 1071
263 341 494 937
430 776
605
643 1005
363 713 755
553 828
119 730 788
523 711
257 633 1009
83 107
31 1017 1041 1099
44 294 722
285 482 819
348 593
244 303 346 382 498 604 849 948 961 1068
104 1089
154 268 1018
225 508
26 703
233 753 1080
335 419
709 743
170 218 612 769
710 1082
358 642
320 351 778 1100
893 936
300
316 844
117 267 921
449 495
287 373 394 415 1053
467 1063
149 261
213 405 682 1026 1052
200 623 854

343 756
114 155 366 846
30 383 689
91 679 829 850

181 313 802
153 269
61 127
130 1023
21 845 1087
28 65 824 956
817 1075
176 887
39 67 141 180 226 355 578 579 749 878 953
247 290 389 418 457 797 818
636

361 420 479 729 839 939
5 426 563 613 796 1058
74 105 446 551 585 836
72 77 472 701
397 447 867
4 95 655
3 24 171 972 1051
631


365 825 1065
49 284 504 691 889 1044
217 223 256 393 503 803 923 1002
216 227 637 684 1010
832 1007
42 928 951 1084
124 246
108 197 918 983
345 427
90 93 271 288 469 680 896 947
14 68 259 270 329 390 411 622 652 787 967 1003
40 380
370 810 1059
499 790
192 728
322 534 929 1092
668 695 861

9 278 302 441 589 762 855 977
177 324 544
128 1029
182 402 440 609 740 864 995
75 491 766 1064
338 401 409 483 625 852 1047
327 340
27 36 80 184 705 933
242 530 558 561 591 904 934 1034 1073
485 519
137 140 564 789 821 965
941
158 187
50 608 630
384 720 735 1016 1076 1090
163 188 243 299 387 490 527 784
1 296 304 526 538 1039 1077 1079
283 334
164 183 307 318 515 525 714 761 848
19 254 306 359 368 473 586 587 675 907 925
215 276 480 759 764 800 841 1081
87 201 205 241 352 437 439 488 835 1028
32 207 712
716 856
379

20 144 150 282 375 444 475 763 779 915
78 264 274 395 434 569 595 634 882 976
262 629
265 461 541 555 574 676 742 891 892
291 998
193 746 880

277 408 583 890 1001
64 96 292 326 1015
12 47 704
376 518 658 913
2 145 161 391 470 510 581 614 635 644 724 952 1069 1085
232 718 865
421 859 999
18 312 570 745 985
43 81 914
23 56 59 102 191 429 575 674 780 794 801 860
92 594 871 898 968
118 837 917
693 807
507 876 994
73 520 602
85 305 325 413 572 770 926
168 425 493 663 690 987 988
618 883
531 1038
157 209 286 438 456 509 809 831 1008 1046 1086
10 53 545 1019
86 109 687 785
505 539 737 805 873 960
17 135 260 677 872 888
58 79 190 219 253 362 406 517 767 838 862 943 955 982 1031

52 100 237 471 567
308 417 481 573
298 513
63 148 162 198 220 315 428 478 557 627 656 700 751 793 902 957 969
196 900
48 121 169 1049
258 661 723
741 1061 1072
147 297 547 607 1020
598 906
143 208 349 443 452 486 620 692 719 748 750 847 875 884
245 1027
552 774 775 894
37 251 311 392 571 826 840 843 909
560 879
266 697
8 272 816
451 804 1093
60 477 866 1055 1067
101 138 333 388 1030

468 667 727
496 582 945
51 399 624 830
38 412 546 647 699 1013
178 249 812
186
528 706 989 1078
132 134 156 203 533 537 576 619 726 733 771 954 975
13 106 250 330 414 590 747 863 870 1054
772 996
