123 221 383 396 653 857 1040 1071
506 1022
111
202 629 1036
160 916
347
665 931
122 185 827
466 542
189
468 651 667 754 806
615
82 98 1035
65 935
198 1075
422 432 646
287 1098
353 773
984
417
626 790
362 489 568
500
126 169 222
295 897
25 95 655
54 235 416 671
57 431 707
279 920
97 1014
224 484 698
173 229 453
8 540
404 487 971
236 458
450 603 942
89 406
212 403 914
125 997
240 511
176 204 321
524 566 963
152 252 345 370 463 580 639 762 912 1066
317 791 986
84 319
410 465 799
7 129 133 284 337 350 459 485 519 630 645 1060
22 734 993
146 308
151 661
683 721

230 443 719
628 675
10 34 71 323 946
752
932
6 360
228 344 385
650 1000
128 1025
255 492
529 851 904
116 919
423 980
1011
368
1067
166 673
66 460
811 927 970
686 1052 1079
45 280 309 371 786 950
159 522
874 905
835 889 973
310 336 616
381 535
688
1004 1097
442 779 978
15 560
528 697 989
732 823 877 903
885
501 550 597 648
503 1001
378 654
512
717 850
194 559 750
214 554 979
113 886
409 625
142 301 959
367
556 611 966 1073
46 797 853
462
302 681 808
293 1008
923 991 1095
289 610 725 731 922 938
99 632
29 72 448 869
820
112 377 739
400 649
41 239 956
69 136 596 910 1021
435 1033 1042
314 454 702
657 755 990
510 1012 1057
357 674
135 1048
331 525 792
899 901 949 1037 1043 1083
640 822 1032
36 502 1006 1096
121 498 738 777 911
38 740 864 924 1024
356 445 543 588 768 881 964
577
199 521 944
783 992
16 760 958
11 238 1050
33 206 548 600 781 814
273 664 1088
758
364 516 621 940
281 744
386 813
88 120 474 617 638 641 795 798 833 858 895
35 148 315 555
433 662
80 139 275 332 335 424 532 584 599 715 782
263 341 494 937
430 776
605
1005 1049
172 197 520
117 553
119 730 788
523 711
257 633 1009
63 107
31 1017 1041 1099
44 294 722
285 670 819
348 593
244 303 346 604 659 757 849 948 961 1068
104 1089
21 268 876
225 508
842 1018
233 737 753
93 419
709 743
170 218 612 769
710 1082
358 787
351 778 1045 1100
893 936
300
316 844
277 622 921
449 495
373 394 415 917 1053
467 1063
149 482
105 213 682 765 1026
200 623 854

343 828
114 155 366 846
30 167 689
91 564 569 679

181 313 802
153 269
127 299
174 1023
154 845 1087
28 601 824 974
817 908
354 887
39 67 141 180 226 355 578 579 749 878 953
247 296 389 538 587 818 907
636

234 361 420 479 839 939
426 563 613 796 880 1058
74 405 446 551 585 836
77 130 472 1092
397 447 867
4 210 211
3 24 171 972 1051
631


283 365 1065
49 504 608 691 1044 1091
223 256 320 374 393 642 803 868
216 227 637 684 1010
832 1007
42 928 951 1084
124 246
108 713 918 983
62 427
90 271 288 469 644 680 896 947
14 115 259 270 278 342 390 411 652 890 967 1003
40 380
103 339 810
499 736
192 728
322 534 898 929
668 695 861

9 267 441 589 592 666 855 977
177 324 544
687 1029
182 402 407 546 834 995 1013
75 491 766 1064
110 338 401 483 694 852 1047
327 340
27 184 497 514 705 933
55 242 530 558 561 591 934 1034 1074
231 436
137 140 789 821 829 965
941
187 825
50 165 1059
384 720 735 1016 1076 1090
61 163 188 243 387 490 527 784
1 52 100 237 304 457 526 1039
158 334
164 183 307 318 515 669 714 761 848
19 254 306 359 473 562 586 672 678 925 1077
215 276 480 759 764 800 841 1081
87 201 205 241 352 369 437 439 488 1028
32 207 712
847 1056
379

20 70 144 150 282 375 444 475 763 915
78 264 274 395 434 455 595 634 882 976
179 262
83 248 461 541 574 676 742 891 892
291 998
5 746 801

68 329 408 583 756
64 96 208 716 748
12 47 704
376 518 658 913
2 131 145 391 398 470 581 614 635 724 729 952 1069 1085
232 718 865
421 859 999
18 193 312 745 985
43 81 703
23 56 59 102 191 261 429 570 575 780 794 860
92 594 701 871 968
118 328 837
537 807
26 994 1038
73 363 552
85 305 325 413 572 767 926
168 425 493 663 690 987 988
372 883
507 531
143 157 203 209 286 290 456 486 606 831 1046
53 536 545 1019
86 109 609 785
505 539 805 873 960 1080
17 94 260 677 872 888
58 79 190 219 253 440 517 696 838 862 943 955 962 982 1031

418 471 509 567 930
217 481 573 1002
298 513
76 162 220 265 428 478 557 627 656 660 700 751 793 902 957 969 1094
196 900
48 382 643 815
101 258 1070
741 1061 1072
13 297 607 747 1020
598 906
292 326 349 438 452 464 620 692 809 856 875 884 981 1015
245 1027
602 774 775 894
37 251 311 392 571 826 840 843 909
161 879
266 1078
272 565 816
708 1062 1093
60 147 195 477 866
138 333 388 723 1030

476 618 727
496 582 945
51 399 624 830
175 412 549 647 699 770
178 249 812
186
451 685 706 804
132 134 156 533 576 619 693 726 733 771 954 975 1086
106 250 330 414 547 590 863 870 1054 1055
772 996
