123 221 396 857 893 1071
617 1098
111
202 687 813
160 916
347
665
671 827
542 577
138
372 468 476 667 754
615 1039
82 98 1035
65 935
428 627 891
422 432 646
170 1022
755 773 775 901
734 993
308
499 626
79 362 545 867 946 1000
741 926 1061
554 628 849
409 1011
95 210 1033 1042
185 410 465 512
431 707
239 920
488 721
262 629
229 453
87 540 608
354 404 487
94 241 260 430

89 402 633 838
403 703 914
125 997
511
176 204 321
761 963
62 152 252 272 578 639 666 762 912 915 1066
317 791 986
84 155 603
416 799
7 129 133 337 350 459 485 519 580 691 756 810 942 1059 1060
22 984
991 1095
101 661 1070
67 683

194 503 847
359 675 757
34 650
270 652
550 648
122 179 360
228 344 385
71 489
740 783
255 303
273 600 664 904
570 631 919
240 423
29 625
131
320 393
166 673
66 460
811 927 970
438 686 1079
45 280 309 371 717 850
159 522
874 905
201 816
214 310 336 498
381 651
54 484
1016 1097
442 978
161 879
248 697
135 588 732 768 973
885
501 597 886 932
68 828 1001 1100
561 655 934 971
568
455 950
750 802 856 981
346 979
113 566 958
110 412
142 301 959
367
242 556 966 1034 1073
247 418 606 614
462
277 302 339 441
203 283 510 1008
358 829
289 725 731 922 938
334
472 869 898 1023
820
75 377 491 739
400 858 903
41 69 136
279 596 910
25 55 814 945
314 454 702
172 294 602 774 894 1083
145 234 290 581
357 670
1048
331 610 792
521 657 789 821 1037
57 81 173 1032
27 36 435 514 1096
492 659 738 777 911
38 549 924 1024
445 543 662 823 877 881
167 466
171 199 949
295 992
16 760
238 1050
33 529 548 781 851
502 1006
758 974
516 621 822 940
281 744
386 698
88 153 369 433 474 506 641 798 895
148 530 555 557 685 804 865
17 458 795
139 244 275 332 424 497 532 584 599 635 643
263 494 937
772 776 854
605
48 382 604
197 250 713
181 559 585
11 40
118 287 394 612
235 1009
63 817
31 1017 1099
44 421 722 899
112 285 674 819
348 593
948 1005 1068
368 470 729 1069
21 154 268
225 364 508
26 640 842
233 323 753
80 419 782 961
504 743
218 328 769
189 388 1082
583 787 890
351 778 1045
715 936 1040
300 980
316 844
267 278 921
449 495 1021
415
467 1063
429 780 794 801
105 213 405 682 765
200 226 623

230 343 719
114 366 846 1041
383 653 689
140 395 564 679 882 976

313 1056
120 269 833
61 188 299
72 130 1092
845 964 1087
28 341 601 824 956
220 660 902
736 788 887
39 141 345 427 475 579 749 878 953
15 296 562 586 704
211 636 730

361 479 839 939
563 613 796 880 1058
74 446 551 553 836 1026
77 174 897
246 397 447
4 654
3 24 944 972 1051
535 818


286 365 567 771
49 565 638 889 1044 1091
223 256 374 642 803 868 923
216 227 637 684 1010
832 1007
42 928 951 1084
124 688
108 918 983
370 439 463 681
90 93 271 288 335 469 680 896 947
14 115 146 259 342 390 411 752
119 378 380
50 103 165
790
192 728
534 929
322 668 861

9 589 592 855 977
324 373 848 1053
128 1036
182 407 440 546 609 647 699 785 864
258 523 766 1064
338 401 483 694 852 1025 1047
327 340
30 184 705 933
451 496 558 611 708 1074
231 436 450 645 808
91 137 965 1043
931 941
99 187 632 825
284 319 630
384 720 735 1004 1076 1090
163 243 387 490 527 784
1 12 52 237 457 471 526 907 925
158 420 1012
164 177 183 307 318 524 544 669 714
19 46 126 254 306 473 560 587 672 678 1077
198 215 276 480 759 800 841 1081
97 205 352 437 649 835 1014 1028
32 207 712
695
127 379

20 70 144 150 180 282 375 444 763 779
78 264 274 434 569 595 634 786
6 224
83 315 478 541 656 676 718 960 1094
291
5 426 746

117 329 408 622 967 1003
64 96 208 748 1015
47 304 389 538
376 518 658 913
2 104 391 398 644 952 1049 1085 1089
461 591 969
840 859 999
18 193 312 745 985
43 212
23 56 59 102 149 191 261 482 575 860
92 594 701 871 968
711 837 917
537 807
994 1018 1038
73 363 520 900
85 305 325 413 572 767 770
168 425 493 663 690 987 988
618 883
507 531 876
143 157 209 349 456 486 809 831 853 1046 1086
10 53 536 1019
86 109 257 834 1013
505 539 737 805 873 1080
236 677 872 888
58 190 219 253 406 517 696 862 943 955 962 982 995 1031

100 509 797 930 1052
217 417 481 573 1002
298 513
76 162 232 265 574 700 742 751 764 793 892 908 957 1075
196 826
121 169 222 616 815
151 710 723
448 500 1072
13 147 297 607 747 1020
598 906
292 326 443 452 464 620 692 716 875 884
245 1027
353 990
37 251 311 392 552 571 843 909 998
293 724 1057
266 528
8 355 709
35 706 1062
60 195 477 547 866 1055 1067
333 515 525 1030
356
116 727 806
206 582 1088
51 399 624 830
175 1029
178 249 812
186
107 989 1078 1093
132 134 156 533 576 619 693 726 733 954 975 1065
106 330 414 590 863 870 1054
996
