123 221 383 653 857 1040 1071
506 617 798
111
128 202 1036
160 916
18 745 985
665
122
466 542
189 1070
468 618 651 667 818
615
82 98 1035
65 239
76 215 892
646 993
170 287 328 612
773 775 894
163 422
481 607
499 626
79 89 362 545 609 633
741 1061
48 169 382
412 625
210 211 655 1033
54 185 235 410 799
431 707
136 920
201 352
224 698 813
229 453
8 87 504
354 404 971
17 241 776
337 921
86 688
212 403 720
125 997
959
176 204 321
524 761
62 152 252 427 439 463 578 580 592 666
317 986
84 155 603
465 1009
7 129 133 231 350 485 519 743 810 942 1060 1091
22 72 432 734
146 991
101 151 661
39 67 854

194 443 692
126 222 849
34 323 650 1000
115 411 977
932
179 360 827
228 344 1010
53 71 946
262 864
255 492
33 600 1088
570 631 919
240 423
295
145 724 1057
642 1001
166 673
460
811 927 970
438 686 930
45 280 309 371 717 752
159 522
367 874
369 437 540
214 310 336 498
372 476 675
109 484
735 1004 1016
442 978
879 907
697 1078
135 588 732 768 823 872
885
501 550 566 648
320 503 1100
25 95 378
447 568
91 455
230 559 847
979
113 597 958
110 409
142
905
242 266 685 1093
247 418 457 471
462
302 339 459 808
726 853 1008
786 1095
289 610 725 731 792 922 938
99 632
29 448 869
832
377 739 819
638 662 795
41 69 341 956
596 910 1021
55 435 934
314 454 702
294 353 520 602 755 901 1083
15 290
153 670
1028 1048
331 714
521 657 722 949 1037
57 173 703
27 36 502 514 945 1096
303 346 643 911 1005
38 549 924 1024
445 543 877 881 903 964
577
171 199 944
783 992
16 760
238 935 1050
548 664 706 781 851
206 273 529 814
489 758 974
364 516 621 822
281 744 915
386
474 649 769 858 895 1022 1098
35 83 265 451 530 1074
94 433 458
139 275 332 424 497 532 584 599 782 893
263 494 937
430 772
605
554 604 672 757
172 197 250
181 343 585
11 487 654
523 711
257 671
63 148 902
31 1017 1099
44 899 1043
112 285 482
348 593
738 936 948 1068
391 560 1089
21 154 531
225 508
26 640 1032
233 753
80 93 470 635 729
103 835 1044
88 218 641
1082
68 270 342 393
351 778 1045
244 396 659 715 961
300 301 511 980
316 356
267 278 622 967
449 495
415 917
467 1063
149 429 801
105 213 405 682 1052
200 623 996
844
358 719 828
114 366 846 1041
30 167 689
140 395 564 569 829 882

452 750 1056
120 269 833
61 188 299
174 472 871 1092
845 1087
28 601 824
198 220 627
380 790 887
141 180 226 639 683 721 749 878 953
12 46 47 296 304 586
636 730 1042

234 361 479 839 939
426 563 613 796 880
74 446 551 553 836 1026
77 130 1023
246 397 867
4 788
3 24 972 1051



203 283 286 293
49 284 400 608 691 709
195 223 256 374 868 923
216 227 637 684 820
279 1007
42 928 951
124 512
108 713 918 983 984
272 345 370 912
90 271 288 335 419 469 680 896 947
14 259 390 583 652 787 850 890
40 119
165 630 1059
736
192 728
534 594 929
322 668 695

9 441 589 681 762 855 1066
177 324 373 1053
740 1029
182 402 407 440 546 647 699 770 834 955
75 491 766 1064
338 401 483 694 852 1025 1047
327 340 886 940
184 705 933 1006
558 561 611 904 966 989 1073
436 450 645 756
137 789 821 965 976
931 941
187 334 825
50 319
384 1076 1090 1097
243 387 490 527 784 900
1 526 587 765 1039
158 420 1012
164 183 307 318 515 525 544 669 963
19 161 254 306 359 368 473 581 614 628 925 1077
276 480 759 764 800 841 1081
97 205 488 816 889 973 1014
32 207 712
861
127 379

20 70 144 150 282 375 444 475 763 779
78 264 274 434 595 634 679 950
6 629
232 541 656 742 817 891 908 960 1075
291 998
5 193 1058

117 277 329 408 1003
64 96 208 292 385 981
389 538 883
376 518 658 791 913
2 104 131 398 644 952 1069 1085
107 461 557
421 840 1084
312 347 754
43 81 842 914
23 56 59 102 191 261 357 575 674 746 780 794 860
92 701 898 968
118 394 837
537 693 733
994 1018 1038
363
85 305 325 413 572 767 926
168 425 493 663 690 987 988
535 806
268 507 876
143 157 209 349 365 486 509 606 809 831 1046
10 536 1019
416 687 785 1013
505 539 737 805 873 1080
236 260 677 888
58 190 219 253 406 517 696 838 862 943 962 982 995 1031

52 100 237 567 797 1079
217 308 417 573 1002
298 513
162 428 478 574 660 676 700 751 793 865 957 969 1094
196 826
121 616 777 815 1049
258 388 710 848
500 897 1072
13 147 297 747 1020
598 906
313 326 464 620 716 748 802 856 875 884 1015 1086
245 1027
73 774 990
37 251 311 392 552 571 843 859 909 999
510 562 678
248 556 1034 1062
355 565 579
315 555 804
60 477 547 803 866 1055 1067
138 333 723 1030

116 381 704 727
496 582
51 399 624 830
175 1011
66 178 249 812
186
528 591 708 718
132 134 156 456 533 576 619 771 807 954 975 1065
106 330 414 590 863 870 1054

